906
0 0.204 0.49 2 1 23
1 0.208 0.545 1 2
2 0.212 0.58 1 3
3 0.216 0.595 1 4
4 0.22 0.605 1 5
5 0.224 0.615 1 6
6 0.228 0.635 1 7
7 0.232 0.655 1 8
8 0.236 0.665 1 9
9 0.24 0.67 1 10
10 0.244 0.675 1 11
11 0.248 0.685 1 12
12 0.252 0.695 1 13
13 0.256 0.705 1 14
14 0.26 0.71 1 15
15 0.264 0.715 1 16
16 0.268 0.72 1 17
17 0.272 0.73 1 18
18 0.276 0.735 1 19
19 0.28 0.74 1 20
20 0.284 0.755 1 21
21 0.288 0.76 1 22
22 0.292 0.76 0
23 0.208 0.465 1 24
24 0.212 0.445 1 25
25 0.216 0.425 1 26
26 0.22 0.415 1 27
27 0.224 0.4 1 28
28 0.228 0.385 1 29
29 0.232 0.375 1 30
30 0.236 0.365 1 31
31 0.24 0.355 1 32
32 0.244 0.35 1 33
33 0.248 0.345 1 34
34 0.26 0.34 1 35
35 0.264 0.33 1 36
36 0.268 0.32 1 37
37 0.272 0.31 1 38
38 0.276 0.295 1 39
39 0.28 0.285 1 40
40 0.284 0.275 1 41
41 0.288 0.27 1 42
42 0.292 0.265 1 43
43 0.296 0.26 1 44
44 0.3 0.255 0
45 0.232 0.415 2 46 47
46 0.232 0.42 0
47 0.236 0.405 1 48
48 0.24 0.39 0
49 0.248 0.385 1 50
50 0.252 0.38 0
51 0.252 0.36 1 52
52 0.26 0.365 1 53
53 0.264 0.375 1 54
54 0.268 0.38 1 55
55 0.284 0.385 1 56
56 0.288 0.395 1 57
57 0.296 0.395 0
58 0.264 0.695 1 59
59 0.272 0.7 1 60
60 0.276 0.705 1 61
61 0.28 0.715 1 62
62 0.284 0.72 1 63
63 0.288 0.725 1 64
64 0.288 0.73 0
65 0.268 0.435 1 66
66 0.268 0.455 0
67 0.276 0.41 2 68 84
68 0.28 0.4 0
69 0.276 0.46 2 70 84
70 0.276 0.465 0
71 0.276 0.51 2 72 85
72 0.28 0.48 1 73
73 0.284 0.475 1 74
74 0.288 0.475 2 75 76
75 0.292 0.47 2 76 77
76 0.292 0.475 1 77
77 0.296 0.475 1 78
78 0.304 0.48 1 79
79 0.304 0.485 1 130
80 0.276 0.565 2 81 86
81 0.28 0.56 1 82
82 0.288 0.56 2 83 135
83 0.296 0.555 0
84 0.28 0.425 0
85 0.28 0.555 1 81
86 0.28 0.575 0
87 0.284 0.54 1 88
88 0.292 0.535 1 89
89 0.308 0.53 1 90
90 0.312 0.525 1 91
91 0.316 0.52 1 92
92 0.32 0.525 1 169
93 0.288 0.53 1 88
94 0.288 0.745 1 95
95 0.296 0.75 1 96
96 0.3 0.755 1 97
97 0.304 0.76 1 98
98 0.308 0.765 1 99
99 0.312 0.77 1 100
100 0.324 0.775 1 101
101 0.332 0.78 1 102
102 0.332 0.785 2 103 104
103 0.336 0.79 2 104 105
104 0.34 0.785 2 105 207
105 0.34 0.79 1 106
106 0.344 0.795 1 107
107 0.352 0.795 1 108
108 0.38 0.8 1 109
109 0.392 0.795 1 110
110 0.412 0.8 1 111
111 0.424 0.805 1 112
112 0.452 0.81 1 113
113 0.496 0.815 1 114
114 0.524 0.82 1 115
115 0.532 0.825 1 116
116 0.544 0.82 1 117
117 0.548 0.815 1 118
118 0.592 0.81 1 119
119 0.6 0.805 1 120
120 0.612 0.8 1 121
121 0.624 0.8 2 122 544
122 0.636 0.795 2 123 567
123 0.64 0.79 1 124
124 0.652 0.785 1 125
125 0.656 0.78 2 570 571
126 0.292 0.455 1 127
127 0.292 0.46 0
128 0.292 0.49 2 129 156
129 0.296 0.495 1 130
130 0.304 0.495 1 131
131 0.308 0.505 0
132 0.292 0.51 1 133
133 0.296 0.52 1 134
134 0.304 0.515 1 131
135 0.292 0.57 1 136
136 0.296 0.58 1 137
137 0.296 0.585 1 138
138 0.304 0.585 1 139
139 0.308 0.595 1 140
140 0.312 0.605 1 141
141 0.316 0.61 1 142
142 0.316 0.62 0
143 0.292 0.595 2 144 137
144 0.296 0.605 1 145
145 0.296 0.615 0
146 0.296 0.33 1 147
147 0.3 0.345 1 148
148 0.3 0.35 1 149
149 0.308 0.35 0
150 0.296 0.44 1 151
151 0.3 0.45 1 152
152 0.3 0.46 0
153 0.296 0.545 1 154
154 0.312 0.54 1 155
155 0.316 0.535 1 92
156 0.3 0.485 2 78 79
157 0.304 0.335 0
158 0.304 0.58 2 138 160
159 0.308 0.345 1 149
160 0.308 0.57 1 161
161 0.312 0.565 0
162 0.312 0.245 1 163
163 0.316 0.24 0
164 0.312 0.48 1 165
165 0.316 0.485 1 166
166 0.32 0.49 1 168
167 0.316 0.5 2 168 91
168 0.32 0.495 1 169
169 0.324 0.5 0
170 0.32 0.295 1 171
171 0.324 0.295 2 172 180
172 0.328 0.29 0
173 0.324 0.235 1 174
174 0.336 0.23 1 175
175 0.352 0.225 1 176
176 0.392 0.23 1 177
177 0.408 0.23 0
178 0.324 0.62 1 179
179 0.324 0.635 0
180 0.328 0.3 1 181
181 0.332 0.305 1 182
182 0.336 0.32 0
183 0.332 0.33 2 184 182
184 0.332 0.34 0
185 0.34 0.73 1 186
186 0.344 0.74 1 187
187 0.348 0.745 1 188
188 0.352 0.755 1 189
189 0.356 0.76 1 190
190 0.36 0.77 1 191
191 0.364 0.78 0
192 0.344 0.355 1 193
193 0.348 0.355 2 194 197
194 0.352 0.35 1 195
195 0.356 0.345 1 196
196 0.364 0.35 0
197 0.352 0.36 1 198
198 0.356 0.38 1 199
199 0.36 0.4 1 200
200 0.364 0.42 1 201
201 0.368 0.43 1 202
202 0.376 0.43 1 203
203 0.38 0.44 1 204
204 0.384 0.445 2 205 247
205 0.388 0.44 1 206
206 0.392 0.445 1 248
207 0.352 0.79 1 107
208 0.356 0.335 2 209 195
209 0.36 0.33 1 210
210 0.364 0.335 0
211 0.356 0.495 1 212
212 0.36 0.505 1 213
213 0.364 0.515 1 214
214 0.372 0.52 1 215
215 0.372 0.53 0
216 0.36 0.31 2 209 217
217 0.364 0.285 0
218 0.368 0.45 1 219
219 0.372 0.455 0
220 0.368 0.47 2 221 219
221 0.372 0.51 1 214
222 0.372 0.26 2 223 238
223 0.376 0.255 1 224
224 0.38 0.255 0
225 0.372 0.34 1 226
226 0.376 0.37 1 227
227 0.38 0.385 1 228
228 0.392 0.39 1 229
229 0.396 0.395 1 230
230 0.4 0.4 1 231
231 0.404 0.405 0
232 0.372 0.78 1 233
233 0.384 0.775 1 234
234 0.388 0.78 1 235
235 0.392 0.785 1 236
236 0.432 0.79 1 237
237 0.448 0.79 0
238 0.376 0.275 1 239
239 0.376 0.33 0
240 0.376 0.41 1 202
241 0.384 0.4 1 242
242 0.388 0.43 1 205
243 0.384 0.77 1 233
244 0.388 0.245 1 245
245 0.396 0.24 1 246
246 0.408 0.24 0
247 0.388 0.455 2 248 258
248 0.392 0.45 1 249
249 0.396 0.455 1 250
250 0.4 0.46 1 251
251 0.404 0.47 1 252
252 0.404 0.475 0
253 0.392 0.34 1 254
254 0.396 0.345 1 255
255 0.4 0.355 1 256
256 0.404 0.36 1 257
257 0.404 0.365 0
258 0.392 0.47 1 259
259 0.396 0.49 1 260
260 0.4 0.505 1 261
261 0.404 0.51 1 262
262 0.408 0.52 1 263
263 0.412 0.53 1 264
264 0.416 0.545 1 265
265 0.42 0.565 1 266
266 0.424 0.58 1 267
267 0.428 0.6 1 268
268 0.428 0.62 0
269 0.392 0.7 1 270
270 0.396 0.745 1 271
271 0.4 0.75 1 272
272 0.404 0.755 1 273
273 0.408 0.765 1 274
274 0.412 0.77 1 275
275 0.42 0.775 1 276
276 0.424 0.775 0
277 0.4 0.38 1 278
278 0.408 0.385 1 279
279 0.412 0.39 1 280
280 0.416 0.395 1 281
281 0.432 0.39 1 282
282 0.44 0.385 1 283
283 0.444 0.38 1 284
284 0.456 0.375 1 285
285 0.46 0.37 1 286
286 0.468 0.365 0
287 0.412 0.41 1 288
288 0.416 0.42 1 289
289 0.42 0.425 1 290
290 0.428 0.43 1 291
291 0.428 0.44 0
292 0.412 0.43 1 293
293 0.416 0.45 1 294
294 0.42 0.455 1 295
295 0.424 0.455 0
296 0.436 0.47 1 297
297 0.436 0.475 0
298 0.476 0.36 1 299
299 0.48 0.355 1 300
300 0.488 0.35 0
301 0.48 0.46 1 302
302 0.492 0.45 1 303
303 0.496 0.445 1 304
304 0.5 0.44 1 305
305 0.512 0.435 1 306
306 0.516 0.43 1 307
307 0.52 0.425 1 308
308 0.528 0.42 1 309
309 0.536 0.415 1 310
310 0.54 0.41 1 311
311 0.548 0.41 0
312 0.496 0.345 1 313
313 0.5 0.34 1 314
314 0.508 0.335 0
315 0.5 0.375 1 316
316 0.508 0.37 1 317
317 0.516 0.37 1 318
318 0.524 0.36 1 319
319 0.528 0.355 1 320
320 0.532 0.35 1 321
321 0.536 0.335 0
322 0.516 0.33 1 323
323 0.524 0.325 1 324
324 0.532 0.32 1 325
325 0.536 0.32 0
326 0.528 0.65 1 327
327 0.532 0.645 1 328
328 0.54 0.65 1 329
329 0.572 0.645 1 330
330 0.584 0.64 1 331
331 0.604 0.635 1 332
332 0.612 0.635 0
333 0.532 0.66 1 334
334 0.536 0.665 1 335
335 0.54 0.67 1 336
336 0.544 0.675 1 337
337 0.548 0.68 1 338
338 0.552 0.685 1 339
339 0.556 0.69 1 340
340 0.56 0.7 1 341
341 0.564 0.705 1 342
342 0.568 0.71 1 343
343 0.568 0.715 0
344 0.544 0.31 1 345
345 0.548 0.305 0
346 0.548 0.325 1 347
347 0.548 0.33 0
348 0.548 0.58 1 349
349 0.552 0.58 0
350 0.552 0.435 1 351
351 0.564 0.44 1 352
352 0.584 0.445 1 353
353 0.596 0.45 0
354 0.552 0.72 1 355
355 0.552 0.725 0
356 0.556 0.3 1 357
357 0.564 0.295 1 358
358 0.572 0.29 1 359
359 0.58 0.285 1 360
360 0.588 0.28 1 361
361 0.596 0.285 1 362
362 0.6 0.28 1 363
363 0.604 0.28 0
364 0.556 0.32 1 365
365 0.56 0.315 1 366
366 0.564 0.31 1 367
367 0.572 0.305 0
368 0.556 0.355 1 369
369 0.564 0.355 1 370
370 0.564 0.36 1 371
371 0.572 0.36 0
372 0.56 0.405 1 373
373 0.572 0.41 1 374
374 0.588 0.41 1 375
375 0.596 0.415 1 376
376 0.596 0.42 0
377 0.56 0.425 1 378
378 0.588 0.43 1 379
379 0.596 0.43 1 380
380 0.604 0.435 1 381
381 0.608 0.44 1 382
382 0.612 0.445 1 383
383 0.616 0.45 1 384
384 0.624 0.455 1 385
385 0.632 0.46 1 386
386 0.636 0.465 1 387
387 0.644 0.47 1 388
388 0.648 0.47 0
389 0.56 0.59 1 390
390 0.572 0.595 1 391
391 0.58 0.605 2 392 430
392 0.584 0.61 1 393
393 0.6 0.615 1 394
394 0.604 0.615 2 395 396
395 0.608 0.61 2 396 397
396 0.608 0.615 1 397
397 0.612 0.615 1 398
398 0.624 0.62 1 399
399 0.632 0.625 2 400 562
400 0.64 0.625 0
401 0.564 0.35 1 369
402 0.564 0.73 1 403
403 0.568 0.735 1 404
404 0.572 0.74 1 405
405 0.576 0.745 1 406
406 0.588 0.75 1 407
407 0.6 0.755 1 408
408 0.608 0.76 1 409
409 0.616 0.765 1 410
410 0.624 0.77 1 411
411 0.632 0.775 1 412
412 0.64 0.775 0
413 0.572 0.52 2 414 429
414 0.572 0.535 0
415 0.572 0.55 1 416
416 0.58 0.555 0
417 0.576 0.575 1 416
418 0.58 0.3 1 419
419 0.584 0.3 0
420 0.58 0.335 2 421 432
421 0.584 0.33 1 422
422 0.588 0.315 1 423
423 0.592 0.31 1 424
424 0.6 0.305 1 425
425 0.604 0.3 1 426
426 0.608 0.295 1 427
427 0.612 0.295 1 428
428 0.62 0.29 0
429 0.58 0.515 0
430 0.584 0.585 1 431
431 0.588 0.58 0
432 0.588 0.36 1 433
433 0.592 0.365 1 434
434 0.596 0.37 1 435
435 0.6 0.375 1 436
436 0.604 0.38 1 437
437 0.612 0.385 1 438
438 0.624 0.39 1 439
439 0.632 0.395 1 440
440 0.64 0.395 0
441 0.588 0.38 1 442
442 0.592 0.38 0
443 0.588 0.795 2 444 118
444 0.592 0.79 1 445
445 0.6 0.79 0
446 0.592 0.29 1 361
447 0.592 0.505 1 448
448 0.6 0.51 1 449
449 0.6 0.515 1 450
450 0.604 0.52 1 451
451 0.612 0.525 1 452
452 0.616 0.525 0
453 0.592 0.52 2 454 449
454 0.596 0.525 0
455 0.592 0.535 2 454 456
456 0.596 0.545 1 457
457 0.6 0.57 1 458
458 0.6 0.575 0
459 0.6 0.26 1 460
460 0.604 0.255 1 461
461 0.608 0.25 1 462
462 0.612 0.245 1 463
463 0.616 0.24 1 464
464 0.62 0.23 1 465
465 0.624 0.215 1 466
466 0.628 0.205 1 467
467 0.632 0.195 1 468
468 0.636 0.185 1 469
469 0.64 0.175 1 470
470 0.644 0.165 1 471
471 0.648 0.16 1 472
472 0.652 0.15 1 473
473 0.656 0.135 1 474
474 0.66 0.13 1 475
475 0.664 0.12 1 476
476 0.668 0.11 1 477
477 0.672 0.105 1 478
478 0.676 0.095 1 479
479 0.68 0.09 1 480
480 0.684 0.085 1 481
481 0.688 0.075 1 482
482 0.692 0.07 1 483
483 0.696 0.06 1 484
484 0.7 0.05 1 485
485 0.704 0.045 1 486
486 0.708 0.04 1 487
487 0.712 0.03 1 488
488 0.716 0.025 1 489
489 0.72 0.02 1 490
490 0.724 0.01 1 491
491 0.728 0.005 1 492
492 0.732 0.0 0
493 0.604 0.59 1 494
494 0.612 0.58 0
495 0.608 0.29 3 426 427 428
496 0.608 0.465 1 497
497 0.62 0.47 1 498
498 0.628 0.475 1 499
499 0.632 0.48 1 527
500 0.608 0.5 2 501 525
501 0.612 0.505 1 502
502 0.616 0.51 0
503 0.608 0.6 1 395
504 0.608 0.67 1 505
505 0.628 0.675 1 506
506 0.644 0.68 1 507
507 0.656 0.685 1 508
508 0.672 0.68 1 509
509 0.684 0.675 1 510
510 0.696 0.67 1 511
511 0.708 0.67 1 512
512 0.72 0.67 0
513 0.612 0.26 0
514 0.612 0.27 0
515 0.612 0.41 2 516 521
516 0.62 0.405 1 517
517 0.644 0.41 1 518
518 0.648 0.415 1 519
519 0.652 0.42 1 520
520 0.652 0.425 0
521 0.616 0.425 1 522
522 0.624 0.43 0
523 0.62 0.66 1 524
524 0.624 0.66 0
525 0.624 0.495 1 526
526 0.628 0.49 1 527
527 0.632 0.485 1 528
528 0.644 0.485 0
529 0.624 0.51 2 530 542
530 0.628 0.505 1 531
531 0.636 0.5 1 532
532 0.64 0.495 1 533
533 0.652 0.49 1 534
534 0.66 0.49 0
535 0.624 0.53 1 536
536 0.628 0.535 1 537
537 0.632 0.535 0
538 0.624 0.685 1 539
539 0.632 0.685 0
540 0.624 0.785 1 541
541 0.632 0.785 0
542 0.628 0.52 1 543
543 0.632 0.525 0
544 0.628 0.81 1 545
545 0.632 0.815 1 546
546 0.636 0.82 1 547
547 0.64 0.825 1 548
548 0.644 0.83 1 549
549 0.648 0.84 1 550
550 0.652 0.845 1 551
551 0.66 0.85 1 552
552 0.664 0.855 1 553
553 0.668 0.86 1 554
554 0.672 0.865 1 555
555 0.676 0.87 1 556
556 0.688 0.875 1 557
557 0.704 0.88 1 558
558 0.716 0.88 0
559 0.636 0.44 1 560
560 0.648 0.445 1 561
561 0.652 0.45 0
562 0.636 0.64 1 563
563 0.64 0.645 1 564
564 0.652 0.65 0
565 0.636 0.665 1 566
566 0.64 0.66 1 564
567 0.64 0.8 1 568
568 0.66 0.795 0
569 0.648 0.77 1 570
570 0.66 0.775 2 571 572
571 0.66 0.78 1 572
572 0.664 0.78 1 573
573 0.676 0.775 1 574
574 0.68 0.775 0
575 0.652 0.37 1 576
576 0.664 0.365 0
577 0.656 0.48 1 578
578 0.668 0.465 0
579 0.66 0.455 1 580
580 0.664 0.46 1 578
581 0.676 0.765 1 582
582 0.704 0.76 1 583
583 0.716 0.76 0
584 0.68 0.21 2 585 591
585 0.684 0.205 1 586
586 0.688 0.2 1 587
587 0.692 0.195 1 588
588 0.696 0.16 1 589
589 0.7 0.15 1 590
590 0.704 0.14 0
591 0.68 0.22 0
592 0.68 0.785 1 593
593 0.688 0.785 0
594 0.684 0.7 1 595
595 0.684 0.705 0
596 0.692 0.74 2 597 609
597 0.696 0.745 1 598
598 0.7 0.75 1 599
599 0.716 0.75 0
600 0.7 0.69 2 601 610
601 0.704 0.695 1 602
602 0.712 0.7 1 603
603 0.716 0.705 1 608
604 0.7 0.715 3 605 606 607
605 0.704 0.71 0
606 0.7 0.72 1 607
607 0.704 0.72 1 608
608 0.72 0.71 0
609 0.704 0.735 0
610 0.712 0.68 1 611
611 0.716 0.675 1 512
612 0.724 0.885 1 613
613 0.772 0.89 1 614
614 0.78 0.885 1 615
615 0.784 0.87 1 616
616 0.788 0.865 1 617
617 0.86 0.86 1 618
618 0.872 0.855 1 619
619 0.88 0.85 1 620
620 0.896 0.845 1 621
621 0.908 0.84 1 622
622 0.924 0.835 1 623
623 0.932 0.83 1 624
624 0.948 0.825 1 625
625 0.96 0.82 1 626
626 0.98 0.815 1 627
627 0.996 0.81 0
628 0.728 0.345 2 629 630
629 0.728 0.35 0
630 0.732 0.335 1 631
631 0.736 0.33 1 632
632 0.74 0.325 1 633
633 0.744 0.32 1 634
634 0.752 0.31 1 635
635 0.756 0.29 0
636 0.744 0.295 1 637
637 0.744 0.3 0
638 0.752 0.275 1 639
639 0.76 0.27 1 640
640 0.768 0.265 1 641
641 0.776 0.26 1 642
642 0.78 0.255 1 661
643 0.756 0.39 2 644 653
644 0.76 0.385 1 645
645 0.764 0.38 1 646
646 0.768 0.375 1 647
647 0.772 0.37 1 648
648 0.776 0.365 1 649
649 0.78 0.36 1 650
650 0.784 0.355 1 651
651 0.788 0.33 1 652
652 0.8 0.33 0
653 0.756 0.395 0
654 0.764 0.19 1 655
655 0.776 0.195 1 656
656 0.78 0.2 0
657 0.772 0.215 2 658 659
658 0.776 0.21 1 656
659 0.776 0.23 1 660
660 0.78 0.24 1 661
661 0.784 0.245 0
662 0.776 0.39 1 663
663 0.78 0.385 1 664
664 0.784 0.38 1 665
665 0.788 0.375 1 666
666 0.792 0.37 1 667
667 0.796 0.36 1 652
668 0.788 0.29 2 669 651
669 0.792 0.285 1 670
670 0.796 0.28 0
671 0.8 0.3 2 652 672
672 0.804 0.29 0
673 0.808 0.19 1 674
674 0.816 0.19 2 675 692
675 0.816 0.195 1 676
676 0.82 0.2 1 677
677 0.824 0.205 1 678
678 0.828 0.21 1 679
679 0.848 0.21 0
680 0.812 0.62 1 681
681 0.816 0.625 1 682
682 0.824 0.63 1 683
683 0.832 0.625 1 684
684 0.836 0.625 0
685 0.816 0.6 1 686
686 0.82 0.605 1 687
687 0.828 0.61 1 688
688 0.836 0.61 0
689 0.82 0.695 1 690
690 0.844 0.7 1 691
691 0.86 0.7 0
692 0.832 0.19 1 693
693 0.84 0.19 0
694 0.832 0.685 1 695
695 0.856 0.685 0
696 0.836 0.555 1 697
697 0.84 0.55 1 698
698 0.848 0.545 1 699
699 0.852 0.54 1 700
700 0.86 0.535 0
701 0.84 0.295 1 702
702 0.852 0.295 1 703
703 0.86 0.3 1 704
704 0.864 0.305 1 705
705 0.872 0.3 1 706
706 0.876 0.305 1 707
707 0.88 0.31 1 708
708 0.884 0.315 1 709
709 0.896 0.32 1 710
710 0.908 0.325 1 711
711 0.912 0.33 1 712
712 0.912 0.335 0
713 0.844 0.275 1 714
714 0.848 0.275 0
715 0.848 0.125 1 716
716 0.856 0.13 1 717
717 0.872 0.135 1 718
718 0.88 0.14 1 719
719 0.884 0.145 1 720
720 0.888 0.155 1 721
721 0.896 0.165 0
722 0.856 0.21 1 723
723 0.864 0.215 1 724
724 0.872 0.215 2 725 744
725 0.876 0.21 0
726 0.856 0.285 1 727
727 0.868 0.29 1 728
728 0.872 0.295 1 705
729 0.86 0.35 2 730 734
730 0.864 0.345 1 731
731 0.868 0.34 1 732
732 0.872 0.335 1 733
733 0.876 0.335 0
734 0.86 0.36 0
735 0.86 0.61 1 736
736 0.876 0.615 1 738
737 0.86 0.625 1 738
738 0.88 0.625 0
739 0.864 0.19 1 740
740 0.872 0.195 1 741
741 0.872 0.2 0
742 0.876 0.745 1 743
743 0.876 0.75 0
744 0.88 0.22 1 745
745 0.884 0.225 1 746
746 0.888 0.23 1 747
747 0.892 0.225 1 748
748 0.896 0.23 1 749
749 0.908 0.235 1 750
750 0.912 0.255 1 751
751 0.92 0.265 1 752
752 0.924 0.27 1 753
753 0.928 0.275 1 754
754 0.936 0.275 0
755 0.88 0.725 1 756
756 0.884 0.72 1 757
757 0.888 0.715 1 758
758 0.904 0.71 0
759 0.884 0.21 1 760
760 0.892 0.215 1 747
761 0.884 0.24 2 762 746
762 0.884 0.25 0
763 0.884 0.75 1 764
764 0.892 0.745 1 765
765 0.896 0.74 1 766
766 0.9 0.735 1 767
767 0.904 0.73 1 768
768 0.908 0.725 1 769
769 0.912 0.715 0
770 0.892 0.695 1 771
771 0.9 0.695 0
772 0.896 0.59 1 773
773 0.904 0.585 1 774
774 0.912 0.58 1 775
775 0.916 0.575 1 776
776 0.924 0.58 1 777
777 0.928 0.585 1 778
778 0.932 0.58 1 833
779 0.9 0.505 1 780
780 0.948 0.51 1 856
781 0.908 0.105 1 782
782 0.92 0.11 1 783
783 0.924 0.115 1 784
784 0.932 0.12 1 785
785 0.952 0.11 0
786 0.908 0.605 1 787
787 0.916 0.6 1 788
788 0.92 0.595 1 789
789 0.924 0.59 1 777
790 0.912 0.685 1 791
791 0.92 0.68 1 792
792 0.924 0.675 1 793
793 0.94 0.67 1 794
794 0.948 0.665 1 795
795 0.956 0.66 1 796
796 0.968 0.655 1 797
797 0.972 0.645 0
798 0.916 0.065 1 799
799 0.944 0.07 1 800
800 0.956 0.065 1 801
801 0.96 0.065 0
802 0.916 0.225 1 803
803 0.92 0.23 1 804
804 0.92 0.24 0
805 0.916 0.7 1 806
806 0.956 0.695 1 807
807 0.964 0.685 1 808
808 0.968 0.68 1 809
809 0.976 0.675 1 810
810 0.98 0.67 1 811
811 0.988 0.665 1 812
812 0.996 0.665 0
813 0.916 0.765 1 814
814 0.92 0.77 1 815
815 0.94 0.765 1 816
816 0.956 0.77 1 817
817 0.964 0.775 1 818
818 0.98 0.77 1 819
819 0.992 0.775 0
820 0.924 0.25 1 821
821 0.932 0.255 1 822
822 0.936 0.26 1 823
823 0.94 0.265 1 824
824 0.952 0.27 0
825 0.924 0.71 1 826
826 0.936 0.715 1 827
827 0.944 0.715 2 828 872
828 0.96 0.71 1 829
829 0.968 0.715 1 830
830 0.992 0.72 1 831
831 0.996 0.72 0
832 0.928 0.565 1 833
833 0.936 0.57 0
834 0.932 0.225 1 835
835 0.936 0.23 1 836
836 0.94 0.235 1 837
837 0.944 0.24 1 838
838 0.948 0.245 1 839
839 0.952 0.25 1 840
840 0.956 0.255 1 841
841 0.964 0.26 1 842
842 0.976 0.265 1 843
843 0.984 0.265 0
844 0.94 0.09 1 845
845 0.944 0.09 1 846
846 0.964 0.095 0
847 0.944 0.14 1 848
848 0.952 0.145 1 849
849 0.96 0.15 1 850
850 0.964 0.155 1 851
851 0.968 0.16 1 852
852 0.976 0.165 1 853
853 0.98 0.17 0
854 0.944 0.285 1 824
855 0.944 0.53 1 856
856 0.956 0.515 0
857 0.944 0.645 1 858
858 0.948 0.645 2 859 860
859 0.952 0.64 3 860 861 862
860 0.952 0.645 1 861
861 0.956 0.645 1 862
862 0.96 0.64 1 863
863 0.964 0.64 0
864 0.948 0.22 1 865
865 0.952 0.225 1 866
866 0.956 0.23 1 867
867 0.96 0.235 1 868
868 0.964 0.24 1 869
869 0.972 0.245 1 870
870 0.976 0.25 1 871
871 0.984 0.255 1 843
872 0.948 0.73 1 873
873 0.956 0.735 1 874
874 0.968 0.74 1 875
875 0.98 0.745 1 876
876 0.988 0.75 1 877
877 0.996 0.75 0
878 0.96 0.13 1 879
879 0.964 0.135 1 880
880 0.968 0.14 1 881
881 0.976 0.145 1 882
882 0.98 0.15 1 883
883 0.984 0.155 1 884
884 0.988 0.16 1 885
885 0.992 0.165 1 886
886 0.992 0.17 0
887 0.96 0.305 1 888
888 0.968 0.295 1 889
889 0.972 0.29 1 890
890 0.976 0.29 0
891 0.964 0.32 2 892 898
892 0.964 0.325 0
893 0.968 0.115 2 894 897
894 0.968 0.12 0
895 0.972 0.075 1 896
896 0.976 0.095 0
897 0.972 0.105 1 896
898 0.972 0.315 1 899
899 0.976 0.31 1 900
900 0.98 0.305 1 901
901 0.984 0.285 0
902 0.984 0.56 2 903 904
903 0.996 0.555 0
904 0.988 0.57 1 905
905 0.996 0.57 0
