364
0 0.03571 0.845 2 1 58
1 0.04286 0.84 1 2
2 0.07857 0.84 2 3 75
3 0.09286 0.84 1 4
4 0.10714 0.835 1 5
5 0.11429 0.83 1 6
6 0.12857 0.825 1 7
7 0.13571 0.82 1 8
8 0.15 0.815 1 9
9 0.15714 0.81 1 10
10 0.16429 0.805 1 11
11 0.17143 0.8 1 12
12 0.17857 0.795 1 13
13 0.18571 0.79 1 14
14 0.19286 0.785 1 15
15 0.2 0.78 1 16
16 0.20714 0.775 1 17
17 0.21429 0.765 1 18
18 0.22143 0.76 1 19
19 0.22857 0.75 1 20
20 0.23571 0.745 1 21
21 0.24286 0.74 1 22
22 0.25 0.73 1 23
23 0.25714 0.725 1 24
24 0.26429 0.715 1 25
25 0.27143 0.71 1 26
26 0.27857 0.7 1 27
27 0.28571 0.695 1 28
28 0.29286 0.685 1 29
29 0.3 0.675 1 30
30 0.30714 0.67 1 31
31 0.31429 0.66 1 32
32 0.32143 0.655 1 33
33 0.32857 0.65 1 34
34 0.33571 0.64 1 35
35 0.34286 0.63 1 36
36 0.35 0.625 1 37
37 0.35714 0.615 1 38
38 0.36429 0.605 1 39
39 0.37143 0.6 1 40
40 0.37857 0.59 1 41
41 0.38571 0.58 1 42
42 0.39286 0.575 1 43
43 0.4 0.565 1 44
44 0.40714 0.555 1 45
45 0.41429 0.55 1 46
46 0.42143 0.54 1 47
47 0.42857 0.535 1 48
48 0.43571 0.53 1 49
49 0.44286 0.52 1 50
50 0.45 0.51 1 51
51 0.45714 0.505 1 52
52 0.46429 0.495 1 53
53 0.47143 0.49 1 54
54 0.47857 0.485 1 55
55 0.48571 0.47 1 56
56 0.49286 0.465 1 57
57 0.5 0.44 0
58 0.04286 0.855 1 59
59 0.05 0.865 1 60
60 0.05714 0.87 1 61
61 0.07143 0.875 1 62
62 0.07857 0.88 1 63
63 0.08571 0.885 1 64
64 0.09286 0.89 1 65
65 0.1 0.895 1 66
66 0.12143 0.9 1 67
67 0.12857 0.905 1 68
68 0.14286 0.91 1 69
69 0.15714 0.915 1 70
70 0.17143 0.92 1 71
71 0.17857 0.925 1 72
72 0.19286 0.93 1 73
73 0.20714 0.935 2 74 116
74 0.20714 0.94 0
75 0.08571 0.86 1 76
76 0.09286 0.865 1 77
77 0.1 0.87 1 78
78 0.10714 0.875 1 79
79 0.10714 0.885 0
80 0.17143 0.855 2 81 98
81 0.17857 0.885 1 82
82 0.19286 0.88 1 83
83 0.2 0.875 1 84
84 0.20714 0.87 1 85
85 0.21429 0.855 1 86
86 0.22143 0.845 1 87
87 0.22857 0.84 1 88
88 0.23571 0.83 1 89
89 0.24286 0.82 1 90
90 0.25 0.815 1 91
91 0.25714 0.805 1 92
92 0.26429 0.795 1 93
93 0.27143 0.79 1 94
94 0.27857 0.78 1 95
95 0.28571 0.77 1 96
96 0.29286 0.765 1 97
97 0.30714 0.765 0
98 0.17857 0.845 1 99
99 0.18571 0.84 1 100
100 0.19286 0.83 1 101
101 0.2 0.825 1 102
102 0.20714 0.815 1 103
103 0.21429 0.805 1 104
104 0.22143 0.8 1 105
105 0.22857 0.795 1 106
106 0.23571 0.785 1 107
107 0.24286 0.78 1 108
108 0.25 0.765 1 109
109 0.25714 0.76 1 110
110 0.26429 0.755 1 111
111 0.27143 0.745 0
112 0.22857 0.95 1 113
113 0.24286 0.955 1 114
114 0.26429 0.96 1 115
115 0.28571 0.935 0
116 0.25 0.93 1 117
117 0.25714 0.925 0
118 0.26429 0.865 2 119 121
119 0.27143 0.92 1 120
120 0.27857 0.93 1 115
121 0.27143 0.845 1 122
122 0.27857 0.83 1 123
123 0.28571 0.82 1 124
124 0.29286 0.805 1 125
125 0.3 0.79 1 126
126 0.30714 0.785 1 127
127 0.31429 0.775 1 128
128 0.32143 0.765 1 129
129 0.32857 0.755 1 130
130 0.33571 0.745 1 131
131 0.34286 0.735 0
132 0.36429 0.74 1 133
133 0.37143 0.755 1 134
134 0.37857 0.765 1 135
135 0.38571 0.77 1 136
136 0.39286 0.78 1 137
137 0.4 0.79 1 138
138 0.40714 0.795 1 139
139 0.41429 0.8 1 140
140 0.42143 0.805 1 141
141 0.47143 0.8 1 142
142 0.47857 0.795 1 143
143 0.48571 0.785 1 144
144 0.49286 0.78 1 145
145 0.5 0.775 1 146
146 0.50714 0.77 1 147
147 0.51429 0.765 1 148
148 0.52143 0.76 1 149
149 0.52857 0.75 1 150
150 0.53571 0.74 1 151
151 0.54286 0.735 1 152
152 0.55 0.725 1 153
153 0.55714 0.72 1 154
154 0.56429 0.71 1 155
155 0.57143 0.7 1 156
156 0.57857 0.695 1 157
157 0.58571 0.69 1 158
158 0.59286 0.675 1 159
159 0.6 0.67 1 160
160 0.60714 0.66 1 161
161 0.61429 0.65 1 162
162 0.62143 0.645 1 163
163 0.62857 0.64 1 164
164 0.63571 0.625 1 165
165 0.64286 0.62 1 166
166 0.65 0.61 1 167
167 0.65714 0.6 1 168
168 0.66429 0.595 1 169
169 0.67143 0.585 1 170
170 0.67857 0.575 1 171
171 0.68571 0.57 1 172
172 0.69286 0.56 1 173
173 0.7 0.55 1 174
174 0.70714 0.545 1 175
175 0.75 0.55 1 176
176 0.77857 0.545 1 177
177 0.78571 0.535 1 178
178 0.79286 0.515 1 179
179 0.8 0.51 1 180
180 0.80714 0.505 1 181
181 0.82143 0.495 1 182
182 0.82857 0.475 1 183
183 0.83571 0.47 1 184
184 0.84286 0.465 1 185
185 0.85 0.46 1 328
186 0.38571 0.735 1 187
187 0.38571 0.74 0
188 0.40714 0.73 2 189 195
189 0.41429 0.75 1 190
190 0.42143 0.76 1 191
191 0.42857 0.765 1 192
192 0.45714 0.76 1 193
193 0.46429 0.75 0
194 0.40714 0.765 0
195 0.41429 0.72 1 196
196 0.42143 0.71 1 197
197 0.42857 0.7 1 198
198 0.43571 0.695 1 199
199 0.44286 0.68 1 200
200 0.45 0.675 1 201
201 0.45714 0.67 1 202
202 0.46429 0.66 1 203
203 0.49286 0.66 0
204 0.45714 0.715 2 205 193
205 0.46429 0.7 1 206
206 0.47143 0.69 1 207
207 0.47857 0.685 1 208
208 0.48571 0.67 1 203
209 0.47857 0.77 1 210
210 0.47857 0.775 0
211 0.49286 0.43 2 212 57
212 0.5 0.42 1 213
213 0.50714 0.415 1 214
214 0.52857 0.38 1 215
215 0.53571 0.375 1 216
216 0.54286 0.37 1 217
217 0.55714 0.35 1 218
218 0.56429 0.335 0
219 0.57857 0.33 1 220
220 0.62143 0.32 1 221
221 0.62857 0.315 1 222
222 0.63571 0.305 1 223
223 0.64286 0.295 1 224
224 0.65 0.285 1 225
225 0.65714 0.28 1 226
226 0.66429 0.275 1 227
227 0.67143 0.265 1 228
228 0.67857 0.255 1 229
229 0.68571 0.25 1 230
230 0.69286 0.24 1 231
231 0.7 0.23 1 232
232 0.70714 0.225 1 233
233 0.71429 0.215 1 234
234 0.72143 0.21 1 235
235 0.72857 0.2 1 236
236 0.73571 0.195 1 237
237 0.74286 0.19 1 238
238 0.75 0.185 1 239
239 0.75714 0.18 1 240
240 0.77143 0.18 1 241
241 0.78571 0.175 1 242
242 0.79286 0.17 1 243
243 0.80714 0.165 1 244
244 0.82857 0.16 1 245
245 0.83571 0.155 1 246
246 0.84286 0.145 1 247
247 0.85 0.14 1 248
248 0.85714 0.13 1 249
249 0.86429 0.12 1 250
250 0.87143 0.115 1 251
251 0.87857 0.105 1 252
252 0.88571 0.08 1 253
253 0.89286 0.06 0
254 0.62143 0.47 2 255 269
255 0.62857 0.49 0
256 0.64286 0.43 2 257 260
257 0.65 0.425 1 258
258 0.65714 0.42 1 259
259 0.67143 0.42 0
260 0.65 0.44 1 261
261 0.65714 0.445 1 262
262 0.66429 0.45 1 263
263 0.67857 0.455 1 264
264 0.68571 0.46 1 265
265 0.68571 0.465 0
266 0.65 0.5 1 267
267 0.65714 0.505 1 268
268 0.65714 0.51 0
269 0.66429 0.475 0
270 0.67857 0.48 1 271
271 0.67857 0.485 0
272 0.68571 0.425 1 273
273 0.69286 0.43 1 274
274 0.69286 0.435 0
275 0.70714 0.52 1 276
276 0.71429 0.53 1 277
277 0.72143 0.53 0
278 0.71429 0.355 2 279 297
279 0.72143 0.35 1 280
280 0.72857 0.34 1 281
281 0.73571 0.33 1 282
282 0.74286 0.325 1 283
283 0.75 0.315 1 284
284 0.75714 0.305 1 285
285 0.76429 0.3 1 286
286 0.77143 0.29 1 287
287 0.77857 0.28 1 288
288 0.78571 0.275 1 289
289 0.79286 0.265 1 290
290 0.8 0.26 1 291
291 0.80714 0.25 1 292
292 0.81429 0.24 1 293
293 0.82143 0.23 1 294
294 0.82857 0.225 1 295
295 0.83571 0.215 1 296
296 0.84286 0.21 0
297 0.72143 0.38 1 298
298 0.72857 0.385 1 299
299 0.75714 0.375 1 300
300 0.76429 0.37 1 301
301 0.77143 0.36 1 302
302 0.77857 0.35 1 303
303 0.78571 0.345 1 304
304 0.79286 0.335 1 305
305 0.8 0.325 1 306
306 0.80714 0.32 1 307
307 0.81429 0.31 1 308
308 0.82143 0.305 1 309
309 0.82857 0.3 1 310
310 0.83571 0.295 1 311
311 0.85 0.29 1 312
312 0.85714 0.285 1 313
313 0.86429 0.28 1 314
314 0.87143 0.275 1 315
315 0.87857 0.265 1 316
316 0.88571 0.255 1 333
317 0.84286 0.41 2 318 327
318 0.85 0.405 1 319
319 0.85714 0.395 1 320
320 0.86429 0.385 1 321
321 0.87143 0.38 1 322
322 0.87857 0.37 1 323
323 0.88571 0.36 1 324
324 0.89286 0.355 1 325
325 0.9 0.345 1 326
326 0.90714 0.33 1 357
327 0.85 0.43 1 328
328 0.85714 0.435 0
329 0.85714 0.205 1 330
330 0.86429 0.21 1 331
331 0.87857 0.215 1 332
332 0.88571 0.22 1 333
333 0.89286 0.23 0
334 0.87857 0.165 2 335 343
335 0.88571 0.175 1 336
336 0.89286 0.18 1 337
337 0.9 0.185 1 338
338 0.90714 0.19 1 339
339 0.91429 0.195 1 340
340 0.92143 0.205 1 341
341 0.92857 0.215 1 342
342 0.93571 0.23 0
343 0.88571 0.155 1 344
344 0.89286 0.145 1 345
345 0.9 0.14 1 346
346 0.90714 0.125 1 347
347 0.91429 0.12 1 348
348 0.92143 0.115 1 349
349 0.92857 0.11 1 350
350 0.93571 0.105 1 351
351 0.94286 0.1 1 352
352 0.95 0.095 1 353
353 0.95714 0.09 1 363
354 0.90714 0.055 1 355
355 0.91429 0.055 0
356 0.90714 0.3 2 357 358
357 0.91429 0.315 0
358 0.91429 0.29 1 359
359 0.92143 0.28 1 360
360 0.92857 0.265 1 342
361 0.92857 0.065 1 362
362 0.94286 0.07 1 363
363 0.96429 0.075 0
