618
0 0.21127 0.49 2 1 14
1 0.21831 0.51 1 2
2 0.22535 0.55 1 3
3 0.23239 0.58 1 4
4 0.23944 0.625 1 5
5 0.24648 0.64 1 6
6 0.25352 0.69 1 7
7 0.26056 0.705 1 8
8 0.26761 0.715 1 9
9 0.27465 0.72 1 10
10 0.3169 0.715 1 11
11 0.32394 0.715 0
12 0.23944 0.37 2 13 23
13 0.24648 0.36 0
14 0.23944 0.495 1 15
15 0.24648 0.5 1 16
16 0.25352 0.505 1 17
17 0.26056 0.51 1 18
18 0.26761 0.515 1 19
19 0.28169 0.52 1 20
20 0.3169 0.515 1 21
21 0.33099 0.5 1 22
22 0.35915 0.505 1 120
23 0.24648 0.4 2 24 28
24 0.24648 0.405 0
25 0.26056 0.625 1 26
26 0.26761 0.635 0
27 0.26056 0.655 2 26 30
28 0.26761 0.39 1 29
29 0.27465 0.385 0
30 0.26761 0.665 1 31
31 0.27465 0.67 1 32
32 0.28169 0.68 1 33
33 0.29577 0.68 0
34 0.27465 0.96 2 35 58
35 0.28169 0.955 1 36
36 0.28873 0.95 1 37
37 0.29577 0.94 1 38
38 0.30282 0.935 1 39
39 0.30986 0.925 1 40
40 0.3169 0.92 1 41
41 0.32394 0.915 1 42
42 0.33099 0.91 1 43
43 0.33803 0.9 1 44
44 0.34507 0.895 1 45
45 0.35211 0.89 1 46
46 0.35915 0.885 1 47
47 0.3662 0.87 1 48
48 0.37324 0.865 1 49
49 0.38028 0.86 1 50
50 0.38732 0.85 1 51
51 0.39437 0.835 1 52
52 0.40141 0.825 1 53
53 0.40845 0.82 1 54
54 0.41549 0.815 1 55
55 0.42254 0.81 1 56
56 0.42958 0.795 1 57
57 0.43662 0.79 0
58 0.27465 0.97 1 59
59 0.29577 0.965 1 60
60 0.30282 0.955 1 61
61 0.30986 0.95 1 62
62 0.3169 0.945 1 63
63 0.32394 0.94 1 64
64 0.33099 0.935 2 65 117
65 0.33803 0.93 0
66 0.28169 0.645 1 67
67 0.29577 0.65 1 68
68 0.30282 0.66 2 69 88
69 0.30986 0.655 1 70
70 0.35915 0.66 1 71
71 0.3662 0.665 1 72
72 0.37324 0.67 1 73
73 0.38028 0.675 0
74 0.28873 0.43 2 75 85
75 0.29577 0.425 1 76
76 0.30986 0.42 1 77
77 0.3169 0.415 1 78
78 0.32394 0.41 1 79
79 0.33803 0.405 1 80
80 0.34507 0.4 1 81
81 0.35211 0.395 1 82
82 0.3662 0.39 1 83
83 0.37324 0.385 1 84
84 0.38732 0.385 0
85 0.29577 0.45 1 86
86 0.33803 0.455 1 87
87 0.34507 0.455 0
88 0.30986 0.675 1 89
89 0.3169 0.68 1 90
90 0.32394 0.685 1 91
91 0.33803 0.69 1 92
92 0.37324 0.685 1 73
93 0.33099 0.485 2 94 21
94 0.33803 0.48 1 95
95 0.34507 0.475 1 96
96 0.35915 0.46 1 97
97 0.3662 0.45 1 98
98 0.37324 0.445 1 99
99 0.40845 0.45 1 100
100 0.41549 0.46 0
101 0.33099 0.985 2 102 117
102 0.33099 0.995 0
103 0.33803 0.705 1 104
104 0.34507 0.72 1 105
105 0.37324 0.715 1 106
106 0.39437 0.71 1 107
107 0.40845 0.71 1 108
108 0.42254 0.705 1 109
109 0.43662 0.7 1 110
110 0.44366 0.695 1 111
111 0.45775 0.69 1 112
112 0.47183 0.69 1 113
113 0.48592 0.685 1 114
114 0.5 0.675 0
115 0.33803 0.765 2 116 104
116 0.33803 0.885 0
117 0.33803 0.94 0
118 0.34507 0.515 1 119
119 0.35211 0.52 1 120
120 0.3662 0.51 0
121 0.34507 0.54 0
122 0.35211 0.0 1 123
123 0.35915 0.195 1 124
124 0.38028 0.19 1 125
125 0.38732 0.185 1 126
126 0.40141 0.18 1 127
127 0.41549 0.175 1 128
128 0.42254 0.17 1 129
129 0.42958 0.165 1 130
130 0.43662 0.155 1 131
131 0.44366 0.15 1 132
132 0.4507 0.145 1 133
133 0.45775 0.14 1 134
134 0.47183 0.14 0
135 0.35915 0.545 1 136
136 0.3662 0.55 1 137
137 0.37324 0.555 1 138
138 0.38028 0.565 1 139
139 0.38732 0.575 0
140 0.35915 0.905 1 141
141 0.3662 0.9 1 142
142 0.37324 0.895 1 143
143 0.38028 0.89 1 144
144 0.38732 0.885 1 145
145 0.40845 0.89 1 146
146 0.41549 0.895 1 147
147 0.42254 0.9 1 148
148 0.42254 0.905 0
149 0.3662 0.92 1 150
150 0.37324 0.915 0
151 0.38028 0.905 1 152
152 0.38732 0.9 1 153
153 0.39437 0.9 0
154 0.38732 0.5 2 155 158
155 0.39437 0.495 1 156
156 0.40141 0.49 1 157
157 0.40845 0.485 1 100
158 0.38732 0.505 0
159 0.38732 0.515 1 160
160 0.39437 0.52 1 161
161 0.40141 0.535 1 162
162 0.42958 0.535 0
163 0.40141 0.91 1 164
164 0.40845 0.915 1 165
165 0.40845 0.92 0
166 0.42254 0.62 1 167
167 0.43662 0.625 1 168
168 0.44366 0.63 1 169
169 0.46479 0.625 1 170
170 0.47887 0.63 1 171
171 0.5 0.635 0
172 0.42958 0.45 2 173 179
173 0.44366 0.425 0
174 0.42958 0.555 1 175
175 0.42958 0.58 0
176 0.42958 0.59 1 177
177 0.43662 0.595 1 178
178 0.43662 0.615 0
179 0.43662 0.475 1 180
180 0.44366 0.49 1 181
181 0.44366 0.53 0
182 0.43662 0.905 2 183 194
183 0.44366 0.9 1 184
184 0.4507 0.895 1 185
185 0.45775 0.89 1 186
186 0.46479 0.88 1 187
187 0.47183 0.87 1 188
188 0.47887 0.865 1 189
189 0.50704 0.87 1 190
190 0.5493 0.865 1 191
191 0.55634 0.86 1 192
192 0.56338 0.855 1 193
193 0.57042 0.85 1 314
194 0.43662 0.91 0
195 0.44366 0.42 2 196 173
196 0.4507 0.415 1 197
197 0.46479 0.41 1 198
198 0.47887 0.405 1 199
199 0.48592 0.4 1 200
200 0.49296 0.395 1 201
201 0.50704 0.395 1 202
202 0.52113 0.385 1 203
203 0.52817 0.38 1 204
204 0.53521 0.375 1 205
205 0.5493 0.37 1 206
206 0.55634 0.365 1 207
207 0.57042 0.365 1 208
208 0.58451 0.355 1 209
209 0.59155 0.35 1 210
210 0.59859 0.345 1 211
211 0.61268 0.345 1 212
212 0.62676 0.335 1 213
213 0.6338 0.33 1 214
214 0.64085 0.325 1 215
215 0.65493 0.32 1 216
216 0.66197 0.315 1 217
217 0.67606 0.31 1 218
218 0.6831 0.305 1 219
219 0.69718 0.3 1 220
220 0.70423 0.295 1 221
221 0.71831 0.29 1 222
222 0.72535 0.285 1 223
223 0.73944 0.28 0
224 0.44366 0.44 0
225 0.44366 0.815 2 226 241
226 0.4507 0.81 1 227
227 0.45775 0.805 0
228 0.4507 0.785 1 229
229 0.46479 0.78 1 230
230 0.49296 0.785 2 231 282
231 0.5 0.78 1 232
232 0.50704 0.775 1 233
233 0.51408 0.77 1 234
234 0.52113 0.76 1 235
235 0.52817 0.745 1 236
236 0.53521 0.73 1 237
237 0.54225 0.725 1 238
238 0.5493 0.705 1 239
239 0.55634 0.695 1 240
240 0.56338 0.665 1 292
241 0.4507 0.835 1 242
242 0.45775 0.845 1 243
243 0.46479 0.85 1 244
244 0.47887 0.84 1 265
245 0.45775 0.485 1 246
246 0.47183 0.48 1 247
247 0.47887 0.475 1 248
248 0.48592 0.47 1 249
249 0.49296 0.46 0
250 0.46479 0.815 0
251 0.47183 0.505 2 252 268
252 0.47887 0.5 1 253
253 0.51408 0.505 1 254
254 0.52817 0.51 1 255
255 0.53521 0.52 1 256
256 0.5493 0.525 1 257
257 0.55634 0.53 1 258
258 0.56338 0.535 1 259
259 0.59155 0.54 1 260
260 0.59859 0.545 1 261
261 0.60563 0.55 1 262
262 0.60563 0.555 0
263 0.47183 0.8 1 264
264 0.47887 0.81 1 265
265 0.48592 0.83 1 266
266 0.49296 0.825 1 267
267 0.5 0.825 0
268 0.47887 0.545 1 269
269 0.48592 0.555 1 270
270 0.49296 0.56 1 271
271 0.5 0.565 1 272
272 0.50704 0.58 1 273
273 0.51408 0.585 1 274
274 0.51408 0.59 2 287 288
275 0.48592 0.13 1 276
276 0.52113 0.125 1 277
277 0.53521 0.12 1 278
278 0.54225 0.115 1 279
279 0.55634 0.11 1 280
280 0.56338 0.105 1 281
281 0.57746 0.1 0
282 0.5 0.79 1 283
283 0.50704 0.795 1 284
284 0.51408 0.8 1 285
285 0.52113 0.81 0
286 0.50704 0.6 2 287 299
287 0.51408 0.595 1 288
288 0.52113 0.595 1 289
289 0.5493 0.6 1 290
290 0.55634 0.605 1 291
291 0.56338 0.61 1 292
292 0.57042 0.615 0
293 0.51408 0.215 2 294 303
294 0.52113 0.21 1 295
295 0.53521 0.205 1 296
296 0.54225 0.2 2 297 322
297 0.5493 0.195 2 298 322
298 0.55634 0.19 0
299 0.51408 0.625 1 300
300 0.52113 0.63 1 301
301 0.52817 0.645 1 302
302 0.52817 0.65 0
303 0.52113 0.225 1 304
304 0.52817 0.24 1 305
305 0.53521 0.255 1 306
306 0.54225 0.26 1 307
307 0.55634 0.255 1 308
308 0.56338 0.25 1 309
309 0.57042 0.235 0
310 0.53521 0.815 1 311
311 0.54225 0.82 1 312
312 0.5493 0.825 1 313
313 0.57042 0.83 1 314
314 0.57746 0.835 0
315 0.54225 0.135 2 316 317
316 0.5493 0.13 0
317 0.5493 0.155 1 318
318 0.55634 0.16 1 319
319 0.56338 0.165 1 320
320 0.59155 0.17 1 321
321 0.59859 0.17 0
322 0.5493 0.2 1 323
323 0.55634 0.205 1 324
324 0.56338 0.215 1 325
325 0.57042 0.225 1 309
326 0.55634 0.58 2 327 328
327 0.55634 0.59 0
328 0.56338 0.57 1 329
329 0.57042 0.565 1 330
330 0.58451 0.56 1 331
331 0.59155 0.555 0
332 0.57746 0.49 1 333
333 0.59859 0.495 1 334
334 0.61972 0.5 1 335
335 0.64085 0.5 2 336 401
336 0.64085 0.505 0
337 0.59155 0.095 1 338
338 0.59859 0.095 0
339 0.59859 0.395 1 340
340 0.64789 0.4 1 341
341 0.66197 0.405 1 342
342 0.66901 0.41 0
343 0.59859 0.84 1 344
344 0.59859 0.855 0
345 0.60563 0.82 2 346 353
346 0.60563 0.825 0
347 0.61268 0.085 1 348
348 0.61972 0.08 1 349
349 0.64085 0.075 1 350
350 0.64789 0.075 2 351 352
351 0.65493 0.07 2 352 392
352 0.65493 0.075 1 391
353 0.61268 0.81 1 354
354 0.61972 0.805 1 355
355 0.62676 0.8 1 356
356 0.6338 0.79 1 357
357 0.64085 0.77 1 358
358 0.64789 0.76 1 359
359 0.65493 0.755 1 360
360 0.66197 0.74 1 361
361 0.66901 0.725 1 362
362 0.67606 0.715 1 363
363 0.6831 0.71 1 364
364 0.69014 0.7 1 365
365 0.69718 0.695 1 366
366 0.70423 0.69 2 367 436
367 0.71127 0.685 2 368 436
368 0.71831 0.68 1 436
369 0.61972 0.165 2 370 374
370 0.62676 0.16 1 371
371 0.6338 0.155 1 372
372 0.64085 0.15 1 373
373 0.65493 0.14 1 399
374 0.61972 0.17 1 375
375 0.62676 0.175 1 376
376 0.64085 0.18 1 377
377 0.65493 0.185 1 378
378 0.66197 0.19 1 379
379 0.67606 0.195 1 380
380 0.70423 0.2 1 381
381 0.72535 0.205 1 382
382 0.75352 0.21 1 383
383 0.8169 0.21 0
384 0.61972 0.83 2 385 387
385 0.62676 0.825 1 386
386 0.64085 0.82 0
387 0.61972 0.835 0
388 0.62676 0.095 2 389 396
389 0.64085 0.09 1 390
390 0.64789 0.085 1 391
391 0.66197 0.08 1 392
392 0.67606 0.075 1 393
393 0.69014 0.07 1 394
394 0.74648 0.065 1 395
395 0.78169 0.06 0
396 0.6338 0.115 1 397
397 0.64789 0.12 1 398
398 0.65493 0.125 1 399
399 0.66197 0.13 0
400 0.64085 0.455 1 401
401 0.64789 0.475 0
402 0.66197 0.1 2 403 404
403 0.66901 0.095 0
404 0.66197 0.11 0
405 0.66197 0.16 2 406 416
406 0.66197 0.175 0
407 0.66197 0.45 1 408
408 0.67606 0.455 1 409
409 0.69014 0.46 1 410
410 0.69718 0.465 1 411
411 0.71127 0.47 1 412
412 0.71831 0.475 1 413
413 0.72535 0.48 1 414
414 0.73239 0.485 1 415
415 0.73944 0.495 0
416 0.66901 0.15 0
417 0.66901 0.765 1 418
418 0.67606 0.755 0
419 0.67606 0.06 1 420
420 0.6831 0.06 0
421 0.6831 0.42 1 422
422 0.71127 0.425 1 423
423 0.71831 0.43 1 424
424 0.72535 0.445 0
425 0.6831 0.735 1 426
426 0.6831 0.74 0
427 0.69014 0.525 2 428 437
428 0.69718 0.52 1 429
429 0.71127 0.515 1 430
430 0.72535 0.51 1 431
431 0.73239 0.505 1 415
432 0.69014 0.725 1 433
433 0.69718 0.72 1 434
434 0.70423 0.715 1 435
435 0.71127 0.71 1 436
436 0.71831 0.69 0
437 0.69718 0.54 1 438
438 0.70423 0.54 0
439 0.71127 0.55 2 440 461
440 0.71831 0.545 1 441
441 0.72535 0.54 1 442
442 0.73239 0.535 1 443
443 0.73944 0.53 1 444
444 0.74648 0.52 1 445
445 0.75352 0.515 1 446
446 0.76056 0.51 1 447
447 0.76761 0.505 1 448
448 0.77465 0.5 1 449
449 0.78873 0.495 1 450
450 0.80282 0.49 1 451
451 0.80986 0.48 1 452
452 0.8169 0.475 1 453
453 0.82394 0.47 1 454
454 0.83803 0.465 1 455
455 0.8662 0.46 1 456
456 0.88028 0.455 1 457
457 0.89437 0.45 1 458
458 0.90845 0.445 1 459
459 0.93662 0.445 0
460 0.71831 0.46 1 424
461 0.71831 0.565 1 462
462 0.72535 0.58 1 463
463 0.73239 0.595 1 464
464 0.73944 0.615 0
465 0.71831 0.67 2 368 466
466 0.72535 0.65 1 467
467 0.73239 0.635 1 464
468 0.73239 0.055 1 469
469 0.75352 0.055 0
470 0.73944 0.465 1 471
471 0.75352 0.465 0
472 0.73944 0.555 2 473 475
473 0.74648 0.55 1 474
474 0.75352 0.545 0
475 0.74648 0.575 0
476 0.75352 0.25 1 477
477 0.76056 0.24 1 478
478 0.77465 0.235 1 479
479 0.78873 0.235 0
480 0.76056 0.275 1 481
481 0.79577 0.28 1 482
482 0.8169 0.275 1 483
483 0.84507 0.285 1 484
484 0.85211 0.29 0
485 0.76761 0.46 1 486
486 0.80986 0.46 0
487 0.76761 0.525 1 488
488 0.77465 0.52 1 489
489 0.78169 0.515 1 490
490 0.78873 0.51 0
491 0.77465 0.05 1 492
492 0.79577 0.05 0
493 0.77465 0.435 1 494
494 0.78169 0.435 0
495 0.78169 0.445 1 496
496 0.79577 0.43 0
497 0.79577 0.065 1 498
498 0.80282 0.07 1 499
499 0.80986 0.075 1 500
500 0.8169 0.085 1 501
501 0.82394 0.1 1 502
502 0.83099 0.11 1 503
503 0.85915 0.11 0
504 0.80986 0.23 1 505
505 0.82394 0.23 0
506 0.80986 0.505 1 507
507 0.8169 0.5 1 508
508 0.82394 0.495 0
509 0.8169 0.065 1 510
510 0.82394 0.07 1 511
511 0.83099 0.08 1 512
512 0.83803 0.095 1 513
513 0.84507 0.1 1 514
514 0.87324 0.105 1 515
515 0.95775 0.095 1 516
516 0.96479 0.075 0
517 0.8169 0.155 2 518 523
518 0.82394 0.15 1 519
519 0.83803 0.145 1 520
520 0.8662 0.14 1 521
521 0.88028 0.135 1 522
522 0.89437 0.13 1 579
523 0.82394 0.17 1 524
524 0.83099 0.175 1 525
525 0.84507 0.17 1 526
526 0.8662 0.165 1 527
527 0.88028 0.16 1 528
528 0.89437 0.155 1 529
529 0.90141 0.15 1 530
530 0.91549 0.15 0
531 0.82394 0.185 1 532
532 0.82394 0.2 0
533 0.82394 0.24 1 534
534 0.84507 0.235 1 535
535 0.85211 0.235 1 536
536 0.88732 0.23 1 537
537 0.89437 0.225 1 538
538 0.90141 0.215 1 539
539 0.90845 0.205 1 540
540 0.91549 0.2 1 541
541 0.92254 0.195 1 542
542 0.92958 0.195 0
543 0.83099 0.215 1 544
544 0.83803 0.22 1 545
545 0.84507 0.225 1 546
546 0.84507 0.23 2 534 535
547 0.83803 0.33 2 548 558
548 0.84507 0.355 1 549
549 0.85211 0.365 1 550
550 0.85915 0.37 1 551
551 0.8662 0.375 1 552
552 0.88028 0.385 1 553
553 0.88732 0.395 1 554
554 0.89437 0.4 1 555
555 0.90141 0.405 1 556
556 0.90845 0.41 1 557
557 0.93662 0.41 0
558 0.84507 0.3 1 484
559 0.84507 0.5 2 560 575
560 0.85915 0.505 1 561
561 0.8662 0.51 1 562
562 0.88732 0.515 1 563
563 0.90141 0.515 0
564 0.8662 0.265 2 565 580
565 0.87324 0.275 1 566
566 0.88028 0.285 1 567
567 0.88732 0.295 1 568
568 0.89437 0.305 1 569
569 0.90141 0.315 1 570
570 0.90845 0.325 1 571
571 0.91549 0.335 1 572
572 0.92254 0.345 1 573
573 0.92958 0.355 1 574
574 0.93662 0.36 0
575 0.8662 0.49 1 576
576 0.87324 0.495 1 577
577 0.88028 0.495 0
578 0.87324 0.125 1 579
579 0.90845 0.12 0
580 0.87324 0.255 1 581
581 0.88028 0.25 1 582
582 0.89437 0.245 0
583 0.90141 0.575 2 584 590
584 0.90845 0.585 1 585
585 0.90845 0.59 0
586 0.90845 0.24 1 587
587 0.91549 0.225 0
588 0.90845 0.42 1 589
589 0.91549 0.43 0
590 0.90845 0.56 1 591
591 0.91549 0.535 0
592 0.92958 0.135 1 593
593 0.93662 0.145 1 594
594 0.94366 0.155 1 595
595 0.95775 0.155 1 601
596 0.92958 0.455 1 597
597 0.93662 0.455 0
598 0.93662 0.205 1 599
599 0.94366 0.21 1 600
600 0.94366 0.215 2 601 604
601 0.95775 0.215 1 602
602 0.95775 0.255 0
603 0.94366 0.195 0
604 0.94366 0.245 0
605 0.9507 0.36 2 606 616
606 0.95775 0.375 0
607 0.9507 0.395 2 608 606
608 0.95775 0.455 0
609 0.9507 0.5 2 610 608
610 0.95775 0.575 0
611 0.9507 0.59 2 612 610
612 0.9507 0.975 0
613 0.95775 0.065 2 614 516
614 0.96479 0.0 0
615 0.95775 0.145 2 595 617
616 0.95775 0.32 0
617 0.96479 0.115 0
