716
878 0.0 0.43 2 879 940
879 0.0 0.455 0
880 0.0 0.535 1 881
881 0.005 0.57 1 882
882 0.01 0.6 1 883
883 0.015 0.625 1 884
884 0.02 0.64 1 885
885 0.025 0.655 1 886
886 0.03 0.67 1 887
887 0.035 0.685 1 888
888 0.04 0.695 1 889
889 0.045 0.71 1 890
890 0.05 0.72 1 891
891 0.055 0.725 1 892
892 0.06 0.735 1 893
893 0.065 0.745 1 894
894 0.07 0.755 1 895
895 0.075 0.76 1 896
896 0.08 0.77 1 897
897 0.085 0.775 1 898
898 0.09 0.785 1 899
899 0.095 0.79 1 900
900 0.1 0.8 1 901
901 0.105 0.805 1 902
902 0.11 0.81 1 903
903 0.115 0.815 1 904
904 0.12 0.825 1 905
905 0.125 0.83 1 906
906 0.13 0.835 1 907
907 0.135 0.84 1 908
908 0.14 0.845 1 909
909 0.145 0.85 1 910
910 0.15 0.855 1 911
911 0.155 0.86 1 912
912 0.16 0.865 1 913
913 0.165 0.87 1 914
914 0.17 0.875 1 915
915 0.175 0.88 1 916
916 0.185 0.885 1 917
917 0.19 0.89 1 918
918 0.195 0.895 1 919
919 0.205 0.9 1 920
920 0.21 0.905 1 921
921 0.22 0.91 1 922
922 0.225 0.915 1 923
923 0.23 0.92 1 924
924 0.24 0.925 1 925
925 0.25 0.93 1 926
926 0.26 0.935 1 927
927 0.27 0.94 1 928
928 0.275 0.945 1 929
929 0.28 0.95 1 930
930 0.29 0.955 1 931
931 0.305 0.96 1 932
932 0.315 0.965 1 933
933 0.33 0.97 1 934
934 0.34 0.975 1 935
935 0.36 0.98 1 936
936 0.375 0.985 1 937
937 0.4 0.99 1 938
938 0.425 0.995 1 939
939 0.455 0.995 0
940 0.005 0.4 1 941
941 0.01 0.38 1 942
942 0.015 0.36 1 943
943 0.02 0.345 1 944
944 0.025 0.33 1 945
945 0.03 0.315 1 946
946 0.035 0.305 1 947
947 0.04 0.29 1 948
948 0.045 0.28 1 949
949 0.05 0.27 1 950
950 0.055 0.26 1 951
951 0.06 0.25 1 952
952 0.065 0.24 1 953
953 0.07 0.235 1 954
954 0.075 0.225 1 955
955 0.08 0.22 1 956
956 0.085 0.21 1 957
957 0.09 0.205 1 958
958 0.095 0.2 1 959
959 0.1 0.19 1 960
960 0.105 0.185 1 961
961 0.11 0.18 1 962
962 0.115 0.175 1 963
963 0.12 0.165 1 964
964 0.125 0.16 1 965
965 0.13 0.155 1 966
966 0.135 0.15 1 967
967 0.14 0.145 1 968
968 0.145 0.14 1 969
969 0.15 0.135 1 970
970 0.155 0.13 1 971
971 0.16 0.125 1 972
972 0.165 0.12 1 973
973 0.175 0.115 1 974
974 0.18 0.11 1 975
975 0.185 0.105 1 976
976 0.19 0.1 1 977
977 0.2 0.095 1 978
978 0.205 0.09 1 979
979 0.21 0.085 1 980
980 0.22 0.08 1 981
981 0.225 0.075 1 982
982 0.235 0.075 0
983 0.025 0.445 2 984 1030
984 0.03 0.41 1 985
985 0.035 0.39 1 986
986 0.04 0.37 1 987
987 0.045 0.355 1 988
988 0.05 0.335 1 989
989 0.055 0.325 1 990
990 0.06 0.315 1 991
991 0.065 0.3 1 992
992 0.07 0.29 1 993
993 0.075 0.28 1 994
994 0.08 0.27 1 995
995 0.085 0.26 1 996
996 0.09 0.25 1 997
997 0.095 0.245 1 998
998 0.1 0.235 1 999
999 0.105 0.23 1 1000
1000 0.11 0.22 1 1001
1001 0.115 0.215 1 1002
1002 0.12 0.21 1 1003
1003 0.125 0.2 1 1004
1004 0.13 0.195 1 1005
1005 0.135 0.19 1 1006
1006 0.14 0.185 1 1007
1007 0.145 0.18 1 1008
1008 0.15 0.175 1 1009
1009 0.155 0.17 1 1010
1010 0.16 0.165 1 1011
1011 0.165 0.16 1 1012
1012 0.17 0.155 1 1013
1013 0.175 0.15 1 1014
1014 0.18 0.145 1 1015
1015 0.185 0.14 1 1016
1016 0.19 0.135 1 1017
1017 0.195 0.13 1 1018
1018 0.2 0.125 1 1019
1019 0.21 0.12 1 1020
1020 0.215 0.115 1 1021
1021 0.22 0.11 1 1022
1022 0.23 0.105 1 1023
1023 0.235 0.1 1 1024
1024 0.245 0.095 1 1025
1025 0.25 0.09 1 1026
1026 0.26 0.09 1 1027
1027 0.27 0.085 1 1028
1028 0.28 0.08 1 1029
1029 0.29 0.075 0
1030 0.03 0.555 1 1031
1031 0.035 0.59 1 1032
1032 0.04 0.615 1 1033
1033 0.045 0.63 1 1034
1034 0.05 0.645 1 1035
1035 0.055 0.66 1 1036
1036 0.06 0.675 1 1037
1037 0.065 0.69 1 1038
1038 0.07 0.7 1 1039
1039 0.075 0.71 1 1040
1040 0.08 0.72 1 1041
1041 0.085 0.725 1 1042
1042 0.09 0.735 1 1043
1043 0.095 0.745 1 1044
1044 0.1 0.75 1 1045
1045 0.105 0.76 1 1046
1046 0.11 0.765 1 1047
1047 0.115 0.775 1 1048
1048 0.12 0.78 1 1049
1049 0.125 0.785 1 1050
1050 0.13 0.795 1 1051
1051 0.135 0.8 1 1052
1052 0.14 0.805 1 1053
1053 0.145 0.81 1 1054
1054 0.15 0.815 1 1055
1055 0.155 0.82 1 1056
1056 0.16 0.83 1 1057
1057 0.165 0.835 1 1058
1058 0.175 0.84 1 1059
1059 0.18 0.845 1 1060
1060 0.185 0.85 1 1061
1061 0.19 0.855 1 1062
1062 0.195 0.86 1 1063
1063 0.2 0.865 1 1064
1064 0.21 0.87 1 1065
1065 0.215 0.875 1 1066
1066 0.22 0.88 1 1067
1067 0.23 0.885 1 1068
1068 0.235 0.89 1 1069
1069 0.24 0.895 1 1070
1070 0.25 0.9 1 1071
1071 0.26 0.91 1 1072
1072 0.275 0.915 1 1073
1073 0.28 0.92 1 1074
1074 0.295 0.925 1 1075
1075 0.3 0.93 1 1076
1076 0.31 0.935 1 1077
1077 0.325 0.94 1 1078
1078 0.335 0.945 1 1079
1079 0.35 0.95 1 1080
1080 0.365 0.955 1 1081
1081 0.385 0.96 1 1082
1082 0.405 0.965 1 1083
1083 0.44 0.97 1 1084
1084 0.56 0.965 1 1085
1085 0.595 0.96 1 1086
1086 0.615 0.955 1 1087
1087 0.635 0.95 1 1088
1088 0.65 0.945 1 1089
1089 0.665 0.94 1 1090
1090 0.675 0.935 1 1091
1091 0.69 0.93 1 1092
1092 0.7 0.925 1 1093
1093 0.71 0.92 1 1094
1094 0.72 0.915 1 1095
1095 0.725 0.91 1 1096
1096 0.735 0.905 1 1097
1097 0.745 0.9 1 1098
1098 0.75 0.895 1 1099
1099 0.76 0.89 1 1100
1100 0.765 0.885 1 1101
1101 0.775 0.88 1 1102
1102 0.78 0.875 1 1103
1103 0.785 0.87 1 1104
1104 0.795 0.865 1 1105
1105 0.8 0.86 1 1106
1106 0.805 0.855 1 1107
1107 0.81 0.85 1 1108
1108 0.815 0.845 1 1109
1109 0.825 0.84 1 1110
1110 0.83 0.835 1 1111
1111 0.835 0.83 1 1112
1112 0.84 0.825 1 1113
1113 0.845 0.815 1 1114
1114 0.85 0.81 1 1115
1115 0.855 0.805 1 1116
1116 0.86 0.8 1 1117
1117 0.865 0.795 1 1118
1118 0.87 0.785 1 1119
1119 0.875 0.78 1 1120
1120 0.88 0.775 1 1121
1121 0.885 0.765 1 1122
1122 0.89 0.76 1 1123
1123 0.895 0.75 1 1124
1124 0.9 0.745 1 1125
1125 0.905 0.735 1 1126
1126 0.91 0.725 1 1127
1127 0.915 0.72 1 1128
1128 0.92 0.71 1 1129
1129 0.925 0.7 1 1130
1130 0.93 0.69 1 1131
1131 0.935 0.675 1 1132
1132 0.94 0.665 1 1133
1133 0.945 0.65 1 1134
1134 0.95 0.635 1 1135
1135 0.955 0.615 1 1136
1136 0.96 0.59 1 1137
1137 0.965 0.56 1 1544
1138 0.185 0.37 2 1139 1152
1139 0.19 0.36 1 1140
1140 0.195 0.355 1 1141
1141 0.2 0.35 1 1142
1142 0.205 0.345 1 1143
1143 0.21 0.34 1 1144
1144 0.22 0.335 0
1145 0.185 0.6 2 1146 1171
1146 0.19 0.59 1 1147
1147 0.195 0.585 1 1148
1148 0.2 0.58 1 1149
1149 0.205 0.575 1 1150
1150 0.21 0.57 1 1151
1151 0.22 0.565 0
1152 0.19 0.395 1 1153
1153 0.195 0.405 1 1154
1154 0.2 0.41 1 1155
1155 0.205 0.415 1 1156
1156 0.21 0.42 1 1157
1157 0.22 0.425 1 1158
1158 0.225 0.43 1 1159
1159 0.235 0.435 1 1160
1160 0.25 0.44 1 1161
1161 0.275 0.445 1 1162
1162 0.35 0.44 1 1163
1163 0.37 0.435 1 1164
1164 0.385 0.43 1 1165
1165 0.395 0.425 1 1166
1166 0.405 0.42 1 1167
1167 0.41 0.415 1 1168
1168 0.415 0.41 1 1169
1169 0.42 0.405 1 1170
1170 0.425 0.4 1 1250
1171 0.19 0.625 1 1172
1172 0.195 0.635 1 1173
1173 0.2 0.64 1 1174
1174 0.205 0.645 1 1175
1175 0.215 0.65 1 1176
1176 0.22 0.655 1 1177
1177 0.225 0.66 1 1178
1178 0.24 0.665 1 1179
1179 0.255 0.67 1 1180
1180 0.28 0.675 1 1181
1181 0.34 0.67 1 1182
1182 0.365 0.665 1 1183
1183 0.385 0.66 1 1184
1184 0.395 0.655 1 1185
1185 0.4 0.65 1 1186
1186 0.41 0.645 1 1187
1187 0.415 0.64 1 1188
1188 0.42 0.635 1 1189
1189 0.425 0.63 1 1210
1190 0.23 0.33 1 1191
1191 0.245 0.325 1 1192
1192 0.265 0.32 1 1193
1193 0.305 0.315 1 1194
1194 0.315 0.32 1 1195
1195 0.36 0.325 1 1196
1196 0.375 0.33 1 1197
1197 0.385 0.33 0
1198 0.23 0.56 1 1199
1199 0.245 0.555 1 1200
1200 0.26 0.55 1 1201
1201 0.3 0.545 1 1202
1202 0.315 0.55 1 1203
1203 0.36 0.555 1 1204
1204 0.38 0.56 1 1205
1205 0.39 0.565 1 1206
1206 0.405 0.57 1 1207
1207 0.415 0.575 1 1208
1208 0.42 0.58 1 1209
1209 0.425 0.585 1 1210
1210 0.43 0.595 0
1211 0.25 0.06 2 1212 1213
1212 0.25 0.065 0
1213 0.26 0.055 1 1214
1214 0.27 0.055 1 1215
1215 0.28 0.05 1 1216
1216 0.29 0.045 1 1217
1217 0.295 0.04 1 1218
1218 0.305 0.035 1 1219
1219 0.315 0.03 1 1220
1220 0.33 0.025 1 1221
1221 0.345 0.02 1 1222
1222 0.36 0.015 1 1223
1223 0.38 0.01 1 1224
1224 0.4 0.005 1 1225
1225 0.43 0.0 1 1226
1226 0.465 0.0 0
1227 0.3 0.065 1 1228
1228 0.315 0.06 1 1229
1229 0.325 0.055 1 1230
1230 0.34 0.05 1 1231
1231 0.355 0.045 1 1232
1232 0.37 0.04 1 1233
1233 0.39 0.035 1 1234
1234 0.41 0.03 1 1235
1235 0.445 0.025 1 1236
1236 0.555 0.03 1 1237
1237 0.59 0.035 1 1238
1238 0.61 0.04 1 1239
1239 0.63 0.045 1 1240
1240 0.645 0.05 1 1241
1241 0.66 0.055 1 1242
1242 0.675 0.06 1 1243
1243 0.685 0.065 1 1244
1244 0.7 0.07 1 1245
1245 0.705 0.07 0
1246 0.395 0.34 1 1247
1247 0.41 0.345 1 1248
1248 0.42 0.355 1 1249
1249 0.425 0.36 1 1250
1250 0.43 0.365 0
1251 0.46 0.18 2 1252 1310
1252 0.465 0.175 1 1253
1253 0.47 0.17 1 1254
1254 0.5 0.175 1 1255
1255 0.505 0.185 1 1256
1256 0.51 0.19 1 1257
1257 0.515 0.195 1 1258
1258 0.53 0.19 1 1259
1259 0.575 0.195 1 1260
1260 0.61 0.2 1 1261
1261 0.63 0.205 1 1262
1262 0.645 0.21 1 1263
1263 0.66 0.215 1 1264
1264 0.675 0.22 1 1265
1265 0.68 0.22 0
1266 0.46 0.79 2 1267 1321
1267 0.465 0.775 1 1268
1268 0.47 0.77 1 1269
1269 0.475 0.76 1 1270
1270 0.48 0.745 1 1271
1271 0.485 0.74 1 1272
1272 0.49 0.725 1 1273
1273 0.495 0.72 1 1274
1274 0.5 0.715 1 1275
1275 0.53 0.72 1 1276
1276 0.535 0.73 1 1277
1277 0.535 0.745 1 1278
1278 0.545 0.76 1 1279
1279 0.57 0.755 1 1280
1280 0.605 0.75 1 1281
1281 0.625 0.745 1 1282
1282 0.64 0.74 1 1283
1283 0.655 0.735 1 1284
1284 0.665 0.73 1 1285
1285 0.675 0.725 1 1286
1286 0.685 0.72 1 1287
1287 0.69 0.715 1 1288
1288 0.7 0.71 1 1289
1289 0.705 0.705 1 1290
1290 0.715 0.7 1 1291
1291 0.72 0.695 1 1292
1292 0.725 0.69 1 1293
1293 0.73 0.685 1 1294
1294 0.74 0.68 1 1295
1295 0.745 0.675 1 1296
1296 0.75 0.665 1 1297
1297 0.755 0.66 1 1298
1298 0.76 0.655 1 1299
1299 0.765 0.65 1 1300
1300 0.77 0.645 1 1301
1301 0.775 0.635 1 1302
1302 0.78 0.625 1 1303
1303 0.785 0.62 1 1304
1304 0.79 0.61 1 1305
1305 0.795 0.6 1 1306
1306 0.8 0.59 1 1307
1307 0.805 0.575 1 1308
1308 0.81 0.555 1 1309
1309 0.815 0.525 1 1468
1310 0.465 0.205 1 1311
1311 0.47 0.215 1 1312
1312 0.475 0.225 1 1313
1313 0.48 0.23 1 1314
1314 0.485 0.24 1 1315
1315 0.49 0.255 1 1316
1316 0.495 0.26 1 1317
1317 0.5 0.27 1 1318
1318 0.505 0.275 1 1319
1319 0.525 0.27 1 1320
1320 0.53 0.265 1 1368
1321 0.465 0.81 1 1322
1322 0.47 0.815 1 1323
1323 0.475 0.82 1 1324
1324 0.49 0.815 1 1325
1325 0.5 0.805 1 1326
1326 0.505 0.8 1 1327
1327 0.51 0.795 1 1328
1328 0.54 0.8 1 1329
1329 0.555 0.795 1 1330
1330 0.6 0.79 1 1331
1331 0.625 0.785 1 1332
1332 0.645 0.78 1 1333
1333 0.66 0.775 1 1334
1334 0.67 0.77 1 1335
1335 0.68 0.765 1 1336
1336 0.69 0.76 1 1337
1337 0.7 0.755 1 1338
1338 0.71 0.75 1 1339
1339 0.715 0.745 1 1340
1340 0.725 0.74 1 1341
1341 0.73 0.735 1 1342
1342 0.74 0.73 1 1343
1343 0.745 0.725 1 1344
1344 0.75 0.72 1 1345
1345 0.755 0.715 1 1346
1346 0.76 0.71 1 1347
1347 0.765 0.705 1 1348
1348 0.77 0.7 1 1349
1349 0.775 0.695 1 1350
1350 0.78 0.69 1 1351
1351 0.785 0.685 1 1352
1352 0.79 0.68 1 1353
1353 0.795 0.675 1 1354
1354 0.8 0.665 1 1355
1355 0.805 0.66 1 1356
1356 0.81 0.65 1 1357
1357 0.815 0.645 1 1358
1358 0.82 0.635 1 1359
1359 0.825 0.625 1 1360
1360 0.83 0.615 1 1361
1361 0.835 0.605 1 1362
1362 0.84 0.59 1 1363
1363 0.845 0.575 1 1364
1364 0.85 0.55 1 1365
1365 0.855 0.52 1 1366
1366 0.86 0.495 0
1367 0.53 0.235 2 1368 1439
1368 0.535 0.245 0
1369 0.535 0.0 1 1370
1370 0.57 0.005 1 1371
1371 0.6 0.01 1 1372
1372 0.62 0.015 1 1373
1373 0.64 0.02 1 1374
1374 0.655 0.025 1 1375
1375 0.67 0.03 1 1376
1376 0.685 0.035 1 1377
1377 0.695 0.04 1 1378
1378 0.705 0.045 1 1379
1379 0.715 0.045 0
1380 0.54 0.995 1 1381
1381 0.575 0.99 1 1382
1382 0.6 0.985 1 1383
1383 0.625 0.98 1 1384
1384 0.64 0.975 1 1385
1385 0.66 0.97 1 1386
1386 0.67 0.965 1 1387
1387 0.685 0.96 1 1388
1388 0.7 0.955 1 1389
1389 0.71 0.95 1 1390
1390 0.715 0.945 1 1391
1391 0.725 0.94 1 1392
1392 0.735 0.94 1 1393
1393 0.745 0.93 1 1394
1394 0.755 0.925 1 1395
1395 0.76 0.92 1 1396
1396 0.77 0.915 1 1397
1397 0.775 0.91 1 1398
1398 0.785 0.905 1 1399
1399 0.79 0.9 1 1400
1400 0.8 0.895 1 1401
1401 0.805 0.89 1 1402
1402 0.81 0.885 1 1403
1403 0.815 0.88 1 1404
1404 0.825 0.875 1 1405
1405 0.83 0.87 1 1406
1406 0.835 0.865 1 1407
1407 0.84 0.86 1 1408
1408 0.845 0.855 1 1409
1409 0.85 0.85 1 1410
1410 0.855 0.845 1 1411
1411 0.86 0.84 1 1412
1412 0.865 0.835 1 1413
1413 0.87 0.83 1 1414
1414 0.875 0.825 1 1415
1415 0.88 0.815 1 1416
1416 0.885 0.81 1 1417
1417 0.89 0.805 1 1418
1418 0.895 0.8 1 1419
1419 0.9 0.79 1 1420
1420 0.905 0.785 1 1421
1421 0.91 0.78 1 1422
1422 0.915 0.77 1 1423
1423 0.92 0.76 1 1424
1424 0.925 0.755 1 1425
1425 0.93 0.745 1 1426
1426 0.935 0.735 1 1427
1427 0.94 0.725 1 1428
1428 0.945 0.715 1 1429
1429 0.95 0.71 1 1430
1430 0.955 0.695 1 1431
1431 0.96 0.685 1 1432
1432 0.965 0.67 1 1433
1433 0.97 0.655 1 1434
1434 0.975 0.64 1 1435
1435 0.98 0.625 1 1436
1436 0.985 0.6 1 1437
1437 0.99 0.575 1 1438
1438 0.995 0.535 0
1439 0.615 0.24 1 1440
1440 0.63 0.245 1 1441
1441 0.645 0.25 1 1442
1442 0.66 0.255 1 1443
1443 0.665 0.255 0
1444 0.675 0.265 1 1445
1445 0.69 0.27 1 1446
1446 0.7 0.275 1 1447
1447 0.71 0.28 1 1448
1448 0.715 0.285 1 1449
1449 0.72 0.29 1 1450
1450 0.73 0.295 1 1451
1451 0.735 0.3 1 1452
1452 0.74 0.305 1 1453
1453 0.745 0.31 1 1454
1454 0.75 0.315 1 1455
1455 0.755 0.32 1 1456
1456 0.76 0.325 1 1457
1457 0.765 0.335 1 1458
1458 0.77 0.34 1 1459
1459 0.775 0.345 1 1460
1460 0.78 0.355 1 1461
1461 0.785 0.36 1 1462
1462 0.79 0.37 1 1463
1463 0.795 0.38 1 1464
1464 0.8 0.395 1 1465
1465 0.805 0.405 1 1466
1466 0.81 0.42 1 1467
1467 0.815 0.44 1 1468
1468 0.82 0.465 0
1469 0.69 0.225 1 1470
1470 0.7 0.23 1 1471
1471 0.71 0.235 1 1472
1472 0.715 0.24 1 1473
1473 0.725 0.245 1 1474
1474 0.73 0.25 1 1475
1475 0.74 0.255 1 1476
1476 0.745 0.26 1 1477
1477 0.75 0.265 1 1478
1478 0.755 0.27 1 1479
1479 0.765 0.275 1 1480
1480 0.77 0.28 1 1481
1481 0.775 0.285 1 1482
1482 0.78 0.29 1 1483
1483 0.785 0.295 1 1484
1484 0.79 0.305 1 1485
1485 0.795 0.31 1 1486
1486 0.8 0.315 1 1487
1487 0.805 0.32 1 1488
1488 0.81 0.33 1 1489
1489 0.815 0.335 1 1490
1490 0.82 0.345 1 1491
1491 0.825 0.355 1 1492
1492 0.83 0.365 1 1493
1493 0.835 0.38 1 1494
1494 0.84 0.39 1 1495
1495 0.845 0.405 1 1496
1496 0.85 0.42 1 1497
1497 0.855 0.44 1 1498
1498 0.86 0.47 0
1499 0.715 0.075 1 1500
1500 0.725 0.08 1 1501
1501 0.735 0.085 1 1502
1502 0.74 0.09 1 1503
1503 0.75 0.095 1 1504
1504 0.76 0.1 1 1505
1505 0.765 0.105 1 1506
1506 0.775 0.11 1 1507
1507 0.78 0.115 1 1508
1508 0.785 0.12 1 1509
1509 0.795 0.125 1 1510
1510 0.8 0.13 1 1511
1511 0.805 0.135 1 1512
1512 0.81 0.14 1 1513
1513 0.815 0.145 1 1514
1514 0.82 0.15 1 1515
1515 0.825 0.155 1 1516
1516 0.83 0.16 1 1517
1517 0.835 0.165 1 1518
1518 0.84 0.17 1 1519
1519 0.845 0.175 1 1520
1520 0.85 0.18 1 1521
1521 0.855 0.185 1 1522
1522 0.86 0.19 1 1523
1523 0.865 0.195 1 1524
1524 0.87 0.2 1 1525
1525 0.875 0.21 1 1526
1526 0.88 0.215 1 1527
1527 0.885 0.22 1 1528
1528 0.89 0.23 1 1529
1529 0.895 0.235 1 1530
1530 0.9 0.245 1 1531
1531 0.905 0.25 1 1532
1532 0.91 0.26 1 1533
1533 0.915 0.27 1 1534
1534 0.92 0.28 1 1535
1535 0.925 0.29 1 1536
1536 0.93 0.3 1 1537
1537 0.935 0.31 1 1538
1538 0.94 0.325 1 1539
1539 0.945 0.335 1 1540
1540 0.95 0.35 1 1541
1541 0.955 0.37 1 1542
1542 0.96 0.385 1 1543
1543 0.965 0.41 1 1544
1544 0.97 0.44 0
1545 0.725 0.05 1 1546
1546 0.735 0.055 1 1547
1547 0.745 0.065 1 1548
1548 0.76 0.07 1 1549
1549 0.77 0.075 1 1550
1550 0.775 0.08 1 1551
1551 0.785 0.085 1 1552
1552 0.79 0.09 1 1553
1553 0.795 0.095 1 1554
1554 0.805 0.1 1 1555
1555 0.81 0.105 1 1556
1556 0.815 0.11 1 1557
1557 0.825 0.115 1 1558
1558 0.83 0.12 1 1559
1559 0.835 0.125 1 1560
1560 0.84 0.13 1 1561
1561 0.845 0.135 1 1562
1562 0.85 0.14 1 1563
1563 0.855 0.145 1 1564
1564 0.86 0.15 1 1565
1565 0.865 0.155 1 1566
1566 0.87 0.16 1 1567
1567 0.875 0.165 1 1568
1568 0.88 0.17 1 1569
1569 0.885 0.18 1 1570
1570 0.89 0.185 1 1571
1571 0.895 0.19 1 1572
1572 0.9 0.195 1 1573
1573 0.905 0.205 1 1574
1574 0.91 0.21 1 1575
1575 0.915 0.22 1 1576
1576 0.92 0.225 1 1577
1577 0.925 0.235 1 1578
1578 0.93 0.24 1 1579
1579 0.935 0.25 1 1580
1580 0.94 0.26 1 1581
1581 0.945 0.27 1 1582
1582 0.95 0.28 1 1583
1583 0.955 0.29 1 1584
1584 0.96 0.305 1 1585
1585 0.965 0.315 1 1586
1586 0.97 0.33 1 1587
1587 0.975 0.34 1 1588
1588 0.98 0.36 1 1589
1589 0.985 0.375 1 1590
1590 0.99 0.4 1 1591
1591 0.995 0.425 1 1592
1592 0.995 0.455 0
1593 0.855 0.485 2 1498 1366
