712
0 0.0 0.43 2 1 62
1 0.0 0.455 0
2 0.0 0.535 1 3
3 0.005 0.57 1 4
4 0.01 0.6 1 5
5 0.015 0.625 1 6
6 0.02 0.64 1 7
7 0.025 0.655 1 8
8 0.03 0.67 1 9
9 0.035 0.685 1 10
10 0.04 0.695 1 11
11 0.045 0.71 1 12
12 0.05 0.72 1 13
13 0.055 0.725 1 14
14 0.06 0.735 1 15
15 0.065 0.745 1 16
16 0.07 0.755 1 17
17 0.075 0.76 1 18
18 0.08 0.77 1 19
19 0.085 0.775 1 20
20 0.09 0.785 1 21
21 0.095 0.79 1 22
22 0.1 0.8 1 23
23 0.105 0.805 1 24
24 0.11 0.81 1 25
25 0.115 0.815 1 26
26 0.12 0.825 1 27
27 0.125 0.83 1 28
28 0.13 0.835 1 29
29 0.135 0.84 1 30
30 0.14 0.845 1 31
31 0.145 0.85 1 32
32 0.15 0.855 1 33
33 0.155 0.86 1 34
34 0.16 0.865 1 35
35 0.165 0.87 1 36
36 0.17 0.875 1 37
37 0.175 0.88 1 38
38 0.185 0.885 1 39
39 0.19 0.89 1 40
40 0.195 0.895 1 41
41 0.205 0.9 1 42
42 0.21 0.905 1 43
43 0.22 0.91 1 44
44 0.225 0.915 1 45
45 0.23 0.92 1 46
46 0.24 0.925 1 47
47 0.25 0.93 1 48
48 0.26 0.935 1 49
49 0.27 0.94 1 50
50 0.275 0.945 1 51
51 0.28 0.95 1 52
52 0.29 0.955 1 53
53 0.305 0.96 1 54
54 0.315 0.965 1 55
55 0.33 0.97 1 56
56 0.34 0.975 1 57
57 0.36 0.98 1 58
58 0.375 0.985 1 59
59 0.4 0.99 1 60
60 0.425 0.995 1 61
61 0.45 0.995 0
62 0.005 0.4 1 63
63 0.01 0.38 1 64
64 0.015 0.36 1 65
65 0.02 0.345 1 66
66 0.025 0.33 1 67
67 0.03 0.315 1 68
68 0.035 0.305 1 69
69 0.04 0.29 1 70
70 0.045 0.28 1 71
71 0.05 0.27 1 72
72 0.055 0.26 1 73
73 0.06 0.25 1 74
74 0.065 0.24 1 75
75 0.07 0.235 1 76
76 0.075 0.225 1 77
77 0.08 0.22 1 78
78 0.085 0.21 1 79
79 0.09 0.205 1 80
80 0.095 0.2 1 81
81 0.1 0.19 1 82
82 0.105 0.185 1 83
83 0.11 0.18 1 84
84 0.115 0.175 1 85
85 0.12 0.165 1 86
86 0.125 0.16 1 87
87 0.13 0.155 1 88
88 0.135 0.15 1 89
89 0.14 0.145 1 90
90 0.145 0.14 1 91
91 0.15 0.135 1 92
92 0.155 0.13 1 93
93 0.16 0.125 1 94
94 0.165 0.12 1 95
95 0.175 0.115 1 96
96 0.18 0.11 1 97
97 0.185 0.105 1 98
98 0.19 0.1 1 99
99 0.2 0.095 1 100
100 0.205 0.09 1 101
101 0.21 0.085 1 102
102 0.22 0.08 1 103
103 0.225 0.075 1 104
104 0.235 0.07 1 105
105 0.245 0.065 1 106
106 0.25 0.06 1 107
107 0.26 0.055 1 108
108 0.27 0.055 1 109
109 0.28 0.045 0
110 0.025 0.445 2 111 156
111 0.03 0.41 1 112
112 0.035 0.39 1 113
113 0.04 0.37 1 114
114 0.045 0.355 1 115
115 0.05 0.34 1 116
116 0.055 0.325 1 117
117 0.06 0.315 1 118
118 0.065 0.3 1 119
119 0.07 0.29 1 120
120 0.075 0.28 1 121
121 0.08 0.27 1 122
122 0.085 0.26 1 123
123 0.09 0.25 1 124
124 0.095 0.245 1 125
125 0.1 0.235 1 126
126 0.105 0.23 1 127
127 0.11 0.22 1 128
128 0.115 0.215 1 129
129 0.12 0.21 1 130
130 0.125 0.2 1 131
131 0.13 0.195 1 132
132 0.135 0.19 1 133
133 0.14 0.185 1 134
134 0.145 0.18 1 135
135 0.15 0.175 1 136
136 0.155 0.17 1 137
137 0.16 0.165 1 138
138 0.165 0.16 1 139
139 0.17 0.155 1 140
140 0.175 0.15 1 141
141 0.18 0.145 1 142
142 0.185 0.14 1 143
143 0.19 0.135 1 144
144 0.195 0.13 1 145
145 0.2 0.125 1 146
146 0.21 0.12 1 147
147 0.215 0.115 1 148
148 0.22 0.11 1 149
149 0.23 0.105 1 150
150 0.235 0.1 1 151
151 0.245 0.095 1 152
152 0.255 0.09 1 153
153 0.26 0.085 1 154
154 0.27 0.08 1 155
155 0.28 0.075 0
156 0.03 0.555 1 157
157 0.035 0.59 1 158
158 0.04 0.615 1 159
159 0.045 0.63 1 160
160 0.05 0.645 1 161
161 0.055 0.66 1 162
162 0.06 0.675 1 163
163 0.065 0.69 1 164
164 0.07 0.7 1 165
165 0.075 0.71 1 166
166 0.08 0.72 1 167
167 0.085 0.725 1 168
168 0.09 0.735 1 169
169 0.095 0.745 1 170
170 0.1 0.75 1 171
171 0.105 0.76 1 172
172 0.11 0.765 1 173
173 0.115 0.775 1 174
174 0.12 0.78 1 175
175 0.125 0.785 1 176
176 0.13 0.795 1 177
177 0.135 0.8 1 178
178 0.14 0.805 1 179
179 0.145 0.81 1 180
180 0.15 0.815 1 181
181 0.155 0.82 1 182
182 0.16 0.825 1 183
183 0.165 0.835 1 184
184 0.175 0.84 1 185
185 0.18 0.845 1 186
186 0.185 0.85 1 187
187 0.19 0.855 1 188
188 0.195 0.86 1 189
189 0.2 0.865 1 190
190 0.21 0.87 1 191
191 0.215 0.875 1 192
192 0.22 0.88 1 193
193 0.23 0.885 1 194
194 0.235 0.89 1 195
195 0.24 0.895 1 196
196 0.25 0.9 1 197
197 0.26 0.91 1 198
198 0.275 0.915 1 199
199 0.28 0.92 1 200
200 0.29 0.925 1 201
201 0.3 0.93 1 202
202 0.31 0.935 1 203
203 0.325 0.94 1 204
204 0.34 0.945 1 205
205 0.35 0.95 1 206
206 0.365 0.955 1 207
207 0.385 0.96 1 208
208 0.41 0.965 1 209
209 0.445 0.97 1 210
210 0.555 0.965 1 211
211 0.59 0.96 1 212
212 0.615 0.955 1 213
213 0.635 0.95 1 214
214 0.65 0.945 1 215
215 0.665 0.94 1 216
216 0.675 0.935 1 217
217 0.69 0.93 1 218
218 0.7 0.925 1 219
219 0.71 0.92 0
220 0.185 0.37 2 221 249
221 0.19 0.36 1 222
222 0.195 0.355 1 223
223 0.2 0.35 1 224
224 0.205 0.345 1 225
225 0.21 0.34 1 226
226 0.22 0.335 0
227 0.185 0.6 2 228 268
228 0.19 0.59 1 229
229 0.195 0.585 1 230
230 0.2 0.58 1 231
231 0.205 0.575 1 232
232 0.21 0.57 1 233
233 0.22 0.565 1 234
234 0.23 0.56 1 235
235 0.245 0.555 1 236
236 0.26 0.55 1 237
237 0.285 0.545 1 238
238 0.3 0.55 1 239
239 0.32 0.545 1 240
240 0.335 0.55 1 241
241 0.36 0.555 1 242
242 0.38 0.56 1 243
243 0.39 0.565 1 244
244 0.405 0.57 1 245
245 0.415 0.575 1 246
246 0.42 0.58 1 247
247 0.425 0.585 1 248
248 0.43 0.595 0
249 0.19 0.395 1 250
250 0.195 0.405 1 251
251 0.2 0.41 1 252
252 0.205 0.415 1 253
253 0.215 0.42 1 254
254 0.22 0.425 1 255
255 0.225 0.43 1 256
256 0.235 0.435 1 257
257 0.25 0.44 1 258
258 0.275 0.445 1 259
259 0.35 0.44 1 260
260 0.37 0.435 1 261
261 0.385 0.43 1 262
262 0.395 0.425 1 263
263 0.405 0.42 1 264
264 0.41 0.415 1 265
265 0.415 0.41 1 266
266 0.42 0.405 1 267
267 0.425 0.4 1 299
268 0.19 0.625 1 269
269 0.195 0.635 1 270
270 0.2 0.64 1 271
271 0.21 0.645 1 272
272 0.215 0.65 1 273
273 0.22 0.655 1 274
274 0.225 0.66 1 275
275 0.24 0.665 1 276
276 0.255 0.67 1 277
277 0.285 0.675 1 278
278 0.335 0.67 1 279
279 0.365 0.665 1 280
280 0.385 0.66 1 281
281 0.395 0.655 1 282
282 0.4 0.65 1 283
283 0.41 0.645 1 284
284 0.415 0.64 1 285
285 0.42 0.635 1 286
286 0.425 0.63 1 248
287 0.23 0.33 1 288
288 0.245 0.325 1 289
289 0.265 0.32 1 290
290 0.295 0.315 1 291
291 0.325 0.32 1 292
292 0.355 0.325 1 293
293 0.375 0.33 1 294
294 0.39 0.335 1 295
295 0.4 0.34 1 296
296 0.41 0.345 1 297
297 0.42 0.355 1 298
298 0.425 0.36 1 299
299 0.43 0.365 0
300 0.29 0.04 1 301
301 0.305 0.035 1 302
302 0.315 0.03 1 303
303 0.33 0.025 1 304
304 0.345 0.02 1 305
305 0.36 0.015 1 306
306 0.38 0.01 1 307
307 0.4 0.005 1 308
308 0.43 0.0 1 309
309 0.465 0.0 0
310 0.29 0.07 1 311
311 0.3 0.065 1 312
312 0.315 0.06 1 313
313 0.325 0.055 1 314
314 0.34 0.05 1 315
315 0.355 0.045 1 316
316 0.37 0.04 1 317
317 0.385 0.035 1 318
318 0.415 0.03 1 319
319 0.45 0.025 1 320
320 0.555 0.03 1 321
321 0.585 0.035 1 322
322 0.61 0.04 1 323
323 0.63 0.045 1 324
324 0.645 0.05 1 325
325 0.66 0.055 1 326
326 0.675 0.06 1 327
327 0.685 0.065 1 328
328 0.7 0.07 1 329
329 0.705 0.07 0
330 0.46 0.18 2 331 355
331 0.465 0.175 1 332
332 0.47 0.17 1 333
333 0.5 0.175 1 334
334 0.505 0.185 1 335
335 0.51 0.19 1 336
336 0.575 0.195 1 337
337 0.61 0.2 1 338
338 0.63 0.205 1 339
339 0.645 0.21 1 340
340 0.66 0.215 1 341
341 0.675 0.22 1 342
342 0.685 0.225 1 343
343 0.69 0.225 0
344 0.46 0.79 2 345 367
345 0.465 0.775 1 346
346 0.47 0.77 1 347
347 0.475 0.76 1 348
348 0.48 0.75 1 349
349 0.485 0.74 1 350
350 0.49 0.725 1 351
351 0.495 0.72 1 352
352 0.5 0.715 1 353
353 0.53 0.72 1 354
354 0.535 0.73 0
355 0.465 0.205 1 356
356 0.47 0.21 1 357
357 0.475 0.225 1 358
358 0.48 0.235 1 359
359 0.485 0.245 1 360
360 0.49 0.255 1 361
361 0.495 0.26 1 362
362 0.5 0.27 1 363
363 0.505 0.275 1 364
364 0.525 0.27 1 365
365 0.53 0.265 1 366
366 0.535 0.245 0
367 0.465 0.81 1 368
368 0.47 0.815 1 369
369 0.475 0.82 1 370
370 0.495 0.815 1 371
371 0.5 0.805 1 372
372 0.505 0.8 0
373 0.515 0.795 1 374
374 0.595 0.79 1 375
375 0.625 0.785 1 376
376 0.645 0.78 1 377
377 0.66 0.775 1 378
378 0.67 0.77 1 379
379 0.68 0.765 1 380
380 0.69 0.76 1 381
381 0.7 0.755 1 382
382 0.71 0.75 1 383
383 0.715 0.745 1 384
384 0.725 0.74 1 385
385 0.73 0.735 1 386
386 0.74 0.73 1 387
387 0.745 0.725 1 388
388 0.75 0.72 1 389
389 0.755 0.715 1 390
390 0.76 0.71 1 391
391 0.765 0.705 1 392
392 0.77 0.7 1 393
393 0.775 0.695 1 394
394 0.78 0.69 1 395
395 0.785 0.685 1 396
396 0.79 0.68 1 397
397 0.795 0.675 1 398
398 0.8 0.665 1 399
399 0.805 0.66 1 400
400 0.81 0.65 1 401
401 0.815 0.645 1 402
402 0.82 0.635 1 403
403 0.825 0.625 1 404
404 0.83 0.615 1 405
405 0.835 0.605 1 406
406 0.84 0.59 1 407
407 0.845 0.575 1 408
408 0.85 0.555 1 409
409 0.855 0.52 1 711
410 0.53 0.235 2 411 366
411 0.61 0.24 1 412
412 0.63 0.245 1 413
413 0.645 0.25 1 414
414 0.66 0.255 1 415
415 0.665 0.255 0
416 0.53 0.745 2 354 428
417 0.535 0.0 1 418
418 0.57 0.005 1 419
419 0.6 0.01 1 420
420 0.62 0.015 1 421
421 0.64 0.02 1 422
422 0.655 0.025 1 423
423 0.67 0.03 1 424
424 0.685 0.035 1 425
425 0.695 0.04 1 426
426 0.705 0.045 1 427
427 0.715 0.045 0
428 0.535 0.755 1 429
429 0.605 0.75 1 430
430 0.625 0.745 1 431
431 0.64 0.74 1 432
432 0.655 0.735 1 433
433 0.665 0.73 1 434
434 0.675 0.725 1 435
435 0.685 0.72 1 436
436 0.69 0.715 1 437
437 0.7 0.71 1 438
438 0.705 0.705 1 439
439 0.715 0.7 1 440
440 0.72 0.695 1 441
441 0.725 0.69 1 442
442 0.73 0.685 1 443
443 0.74 0.68 1 444
444 0.745 0.675 1 445
445 0.75 0.665 1 446
446 0.755 0.66 1 447
447 0.76 0.655 1 448
448 0.765 0.65 1 449
449 0.77 0.645 1 450
450 0.775 0.635 1 451
451 0.78 0.625 1 452
452 0.785 0.62 1 453
453 0.79 0.61 1 454
454 0.795 0.6 1 455
455 0.8 0.59 1 456
456 0.805 0.575 1 457
457 0.81 0.555 1 458
458 0.815 0.53 1 542
459 0.54 0.995 1 460
460 0.575 0.99 1 461
461 0.6 0.985 1 462
462 0.625 0.98 1 463
463 0.64 0.975 1 464
464 0.66 0.97 1 465
465 0.67 0.965 1 466
466 0.685 0.96 1 467
467 0.7 0.955 1 468
468 0.71 0.95 1 469
469 0.72 0.945 1 470
470 0.725 0.94 1 471
471 0.735 0.94 1 472
472 0.745 0.93 1 473
473 0.755 0.925 1 474
474 0.76 0.92 1 475
475 0.77 0.915 1 476
476 0.775 0.91 1 477
477 0.785 0.905 1 478
478 0.79 0.9 1 479
479 0.8 0.895 1 480
480 0.805 0.89 1 481
481 0.81 0.885 1 482
482 0.815 0.88 1 483
483 0.825 0.875 1 484
484 0.83 0.87 1 485
485 0.835 0.865 1 486
486 0.84 0.86 1 487
487 0.845 0.855 1 488
488 0.85 0.85 1 489
489 0.855 0.845 1 490
490 0.86 0.84 1 491
491 0.865 0.835 1 492
492 0.87 0.83 1 493
493 0.875 0.825 1 494
494 0.88 0.815 1 495
495 0.885 0.81 1 496
496 0.89 0.805 1 497
497 0.895 0.8 1 498
498 0.9 0.79 1 499
499 0.905 0.785 1 500
500 0.91 0.78 1 501
501 0.915 0.77 1 502
502 0.92 0.76 1 503
503 0.925 0.755 1 504
504 0.93 0.745 1 505
505 0.935 0.735 1 506
506 0.94 0.725 1 507
507 0.945 0.715 1 508
508 0.95 0.71 1 509
509 0.955 0.695 1 510
510 0.96 0.685 1 511
511 0.965 0.67 1 512
512 0.97 0.655 1 513
513 0.975 0.64 1 514
514 0.98 0.625 1 515
515 0.985 0.6 1 516
516 0.99 0.575 1 517
517 0.995 0.54 0
518 0.675 0.265 1 519
519 0.69 0.27 1 520
520 0.7 0.275 1 521
521 0.71 0.28 1 522
522 0.715 0.285 1 523
523 0.72 0.29 1 524
524 0.73 0.295 1 525
525 0.735 0.3 1 526
526 0.74 0.305 1 527
527 0.745 0.31 1 528
528 0.75 0.315 1 529
529 0.755 0.32 1 530
530 0.76 0.325 1 531
531 0.765 0.335 1 532
532 0.77 0.34 1 533
533 0.775 0.345 1 534
534 0.78 0.355 1 535
535 0.785 0.36 1 536
536 0.79 0.37 1 537
537 0.795 0.38 1 538
538 0.8 0.395 1 539
539 0.805 0.405 1 540
540 0.81 0.42 1 541
541 0.815 0.435 1 542
542 0.82 0.47 0
543 0.7 0.23 1 544
544 0.71 0.235 1 545
545 0.715 0.24 1 546
546 0.725 0.245 1 547
547 0.73 0.25 1 548
548 0.74 0.255 1 549
549 0.745 0.26 1 550
550 0.75 0.265 1 551
551 0.755 0.27 1 552
552 0.765 0.275 1 553
553 0.77 0.28 1 554
554 0.775 0.285 1 555
555 0.78 0.29 1 556
556 0.785 0.295 1 557
557 0.79 0.305 1 558
558 0.795 0.31 1 559
559 0.8 0.315 1 560
560 0.805 0.32 1 561
561 0.81 0.33 1 562
562 0.815 0.335 1 563
563 0.82 0.345 1 564
564 0.825 0.355 1 565
565 0.83 0.365 1 566
566 0.835 0.38 1 567
567 0.84 0.39 1 568
568 0.845 0.405 1 569
569 0.85 0.42 1 570
570 0.855 0.44 1 571
571 0.86 0.475 0
572 0.715 0.075 1 573
573 0.725 0.08 1 574
574 0.735 0.085 1 575
575 0.74 0.09 1 576
576 0.75 0.095 1 577
577 0.76 0.1 1 578
578 0.765 0.105 1 579
579 0.775 0.11 1 580
580 0.78 0.115 1 581
581 0.785 0.12 1 582
582 0.795 0.125 1 583
583 0.8 0.13 1 584
584 0.805 0.135 1 585
585 0.81 0.14 1 586
586 0.815 0.145 1 587
587 0.82 0.15 1 588
588 0.825 0.155 1 589
589 0.83 0.16 1 590
590 0.835 0.165 1 591
591 0.84 0.17 1 592
592 0.845 0.175 1 593
593 0.85 0.18 1 594
594 0.855 0.185 1 595
595 0.86 0.19 1 596
596 0.865 0.195 1 597
597 0.87 0.2 1 598
598 0.875 0.21 1 599
599 0.88 0.215 1 600
600 0.885 0.22 1 601
601 0.89 0.23 1 602
602 0.895 0.235 1 603
603 0.9 0.245 1 604
604 0.905 0.25 1 605
605 0.91 0.26 1 606
606 0.915 0.27 1 607
607 0.92 0.28 1 608
608 0.925 0.29 1 609
609 0.93 0.3 1 610
610 0.935 0.31 1 611
611 0.94 0.325 1 612
612 0.945 0.34 1 613
613 0.95 0.35 1 614
614 0.955 0.37 1 615
615 0.96 0.385 1 616
616 0.965 0.415 1 617
617 0.97 0.445 0
618 0.72 0.915 1 619
619 0.73 0.91 1 620
620 0.735 0.905 1 621
621 0.745 0.9 1 622
622 0.75 0.895 1 623
623 0.76 0.89 1 624
624 0.765 0.885 1 625
625 0.775 0.88 1 626
626 0.78 0.875 1 627
627 0.79 0.87 1 628
628 0.795 0.865 1 629
629 0.8 0.86 1 630
630 0.805 0.855 1 631
631 0.81 0.85 1 632
632 0.815 0.845 1 633
633 0.825 0.84 1 634
634 0.83 0.835 1 635
635 0.835 0.83 1 636
636 0.84 0.825 1 637
637 0.845 0.815 1 638
638 0.85 0.81 1 639
639 0.855 0.805 1 640
640 0.86 0.8 1 641
641 0.865 0.795 1 642
642 0.87 0.785 1 643
643 0.875 0.78 1 644
644 0.88 0.775 1 645
645 0.885 0.765 1 646
646 0.89 0.76 1 647
647 0.895 0.75 1 648
648 0.9 0.745 1 649
649 0.905 0.735 1 650
650 0.91 0.725 1 651
651 0.915 0.72 1 652
652 0.92 0.71 1 653
653 0.925 0.7 1 654
654 0.93 0.69 1 655
655 0.935 0.675 1 656
656 0.94 0.665 1 657
657 0.945 0.65 1 658
658 0.95 0.635 1 659
659 0.955 0.615 1 660
660 0.96 0.59 1 661
661 0.965 0.555 1 617
662 0.725 0.05 1 663
663 0.735 0.055 1 664
664 0.745 0.065 1 665
665 0.76 0.07 1 666
666 0.77 0.075 1 667
667 0.775 0.08 1 668
668 0.785 0.085 1 669
669 0.79 0.09 1 670
670 0.795 0.095 1 671
671 0.805 0.1 1 672
672 0.81 0.105 1 673
673 0.815 0.11 1 674
674 0.825 0.115 1 675
675 0.83 0.12 1 676
676 0.835 0.125 1 677
677 0.84 0.13 1 678
678 0.845 0.135 1 679
679 0.85 0.14 1 680
680 0.855 0.145 1 681
681 0.86 0.15 1 682
682 0.865 0.155 1 683
683 0.87 0.16 1 684
684 0.875 0.165 1 685
685 0.88 0.17 1 686
686 0.885 0.18 1 687
687 0.89 0.185 1 688
688 0.895 0.19 1 689
689 0.9 0.195 1 690
690 0.905 0.205 1 691
691 0.91 0.21 1 692
692 0.915 0.22 1 693
693 0.92 0.225 1 694
694 0.925 0.235 1 695
695 0.93 0.24 1 696
696 0.935 0.25 1 697
697 0.94 0.26 1 698
698 0.945 0.27 1 699
699 0.95 0.28 1 700
700 0.955 0.29 1 701
701 0.96 0.305 1 702
702 0.965 0.315 1 703
703 0.97 0.33 1 704
704 0.975 0.34 1 705
705 0.98 0.36 1 706
706 0.985 0.375 1 707
707 0.99 0.4 1 708
708 0.995 0.425 1 709
709 0.995 0.455 0
710 0.855 0.49 2 711 571
711 0.86 0.505 0
