0 0.181 0.188 3 1250 40 981
1 -0.141 0.111 4 1614 728 241 1342
2 -0.125 0.132 4 328 1419 1482 1245
3 0.128 0.209 2 729 1623
4 0.237 0.039 3 495 261 15
5 0.008 -0.071 3 24 519 741
6 0.267 -0.209 4 651 959 1536 122
7 0.187 -0.271 3 422 250 1262
8 -0.104 0.172 4 801 1424 321 74
9 0.293 0.073 2 903 1425
10 0.205 -0.121 3 294 1584 290
11 0.12 -0.295 2 1076 706
12 -0.163 -0.175 4 142 1551 338 89
13 -0.061 -0.255 3 325 129 253
14 -0.16 0.081 3 254 113 1492
15 0.237 0.041 4 4 261 489 1501
16 0.2 0.087 4 417 455 155 1567
17 0.299 0.095 4 962 560 782 1429
18 0.237 -0.239 4 921 677 1021 1291
19 -0.099 0.017 3 1438 506 1332
20 -0.144 -0.201 4 1292 1524 1604 1439
21 -0.027 -0.271 2 925 1381
22 -0.123 -0.201 4 258 1294 1368 1605
23 0.045 0.121 2 239 1123
24 0.011 -0.073 3 1267 5 741
25 0.024 0.041 4 1030 1284 745 499
26 -0.168 -0.167 3 85 1497 265
27 0.083 0.097 2 818 970
28 0.003 -0.068 2 519 820
29 0.227 -0.231 4 585 1156 272 1266
30 -0.093 0.012 4 1446 1320 1451 506
31 0.243 -0.215 4 1269 916 274 577
32 -0.131 0.148 4 736 234 313 62
33 0.027 -0.087 4 1510 1554 235 1448
34 -0.067 -0.252 3 129 674 276
35 0.179 -0.276 3 1574 346 1055
36 0.237 -0.22 4 442 1159 279 1269
37 -0.144 -0.177 4 1270 566 443 418
38 0.304 -0.156 3 1048 1282 257
39 0.205 0.177 3 1452 1271 52
40 0.179 0.191 4 0 981 451 283
41 0.203 0.196 3 985 1466 1459
42 -0.083 -0.257 4 1059 1585 681 284
43 -0.091 0.18 3 1073 1457 806
44 0.072 0.127 4 642 1483 934 688
45 0.083 -0.175 3 1462 1285 474
46 0.229 0.055 4 292 662 1387 1622
47 -0.067 -0.265 4 1465 1348 705 460
48 0.243 0.033 3 277 1124 495
49 -0.171 -0.127 2 329 770
50 0.147 -0.289 2 856 403
51 0.005 0.212 2 1315 1334
52 0.203 0.177 4 1452 302 39 1486
53 -0.155 -0.185 4 301 1078 954 68
54 0.291 -0.175 3 1474 1064 1080
55 0.051 -0.185 4 183 1475 882 117
56 -0.184 -0.068 2 1220 521
57 -0.16 0.111 3 1007 67 316
58 0.056 -0.3 5 178 843 1598 305 610
59 0.024 0.009 4 1376 438 310 1500
60 0.219 -0.103 3 311 441 694
61 0.131 -0.292 2 706 278
62 -0.128 0.151 4 32 313 1164 1399
63 0.323 -0.103 2 564 1242
64 0.192 -0.137 4 695 172 1455 623
65 0.195 0.183 4 454 1003 209 1437
66 0.283 0.119 4 219 466 906 890
67 -0.157 0.111 4 1007 57 316 1311
68 -0.155 -0.183 3 53 954 1179
69 0.141 -0.191 2 135 764
70 0.165 0.212 2 597 130
71 0.16 0.111 2 719 343
72 -0.107 -0.239 4 840 1082 516 792
73 0.285 -0.156 3 1063 1217 990
74 -0.101 0.175 4 8 321 1015 1247
75 0.301 0.087 3 1507 537 326
76 -0.181 0.025 2 342 1036
77 0.315 -0.132 2 1476 978
78 0.179 0.076 4 528 1369 296 1130
79 0.149 0.116 2 428 532
80 0.251 -0.084 2 444 949
81 0.205 -0.153 4 518 725 1090 1107
82 -0.157 0.087 3 1492 388 147
83 -0.184 -0.127 2 1004 816
84 0.229 -0.127 4 1325 1355 891 760
85 -0.165 -0.169 4 338 89 26 1497
86 0.328 0.017 2 161 551
87 0.197 -0.268 3 973 1498 868
88 -0.088 0.185 3 1457 806 583
89 -0.163 -0.172 4 12 1551 338 85
90 -0.011 -0.127 2 312 1108
91 0.205 0.081 4 1502 1335 479 455
92 -0.056 -0.273 3 175 1238 347
93 0.195 0.199 4 1181 490 955 1209
94 0.197 -0.159 4 582 1523 901 262
95 0.288 -0.18 4 1113 1624 1232 1474
96 0.117 0.124 2 823 1483
97 0.216 0.071 4 1509 1339 350 1060
98 -0.12 -0.207 4 1593 1354 258 1294
99 -0.051 -0.26 3 773 462 348
100 0.301 -0.127 2 655 349
101 0.16 0.087 3 457 186 817
102 -0.173 -0.153 4 1511 194 1301 1544
103 -0.096 0.039 4 1176 231 104 1628
104 -0.096 0.041 4 231 103 1628 216
105 0.152 -0.164 2 744 1114
106 -0.163 -0.143 2 1517 776
107 0.235 0.151 3 1512 1410 826
108 0.189 0.092 3 892 685 1050
109 0.269 -0.183 4 138 895 902 661
110 0.245 0.161 4 626 1601 1009 829
111 0.067 0.084 4 500 141 967 752
112 0.213 -0.257 4 1196 995 1525 1129
113 -0.157 0.081 3 254 14 1492
114 -0.056 0.201 3 1243 364 565
115 0.016 0.004 4 965 1195 1528 387
116 0.189 -0.143 3 143 695 172
117 0.053 -0.183 3 55 882 315
118 0.312 0.068 2 1533 509
119 -0.019 0.217 2 625 767
120 0.189 0.068 4 841 148 1151 932
121 0.307 0.079 4 845 737 1647 369
122 0.269 -0.207 4 6 1536 531 1142
123 -0.067 0.199 3 768 1537 1033
124 0.131 0.1 2 189 397
125 0.251 0.012 2 876 245
126 0.208 0.047 4 1471 757 542 1539
127 -0.056 0.188 3 511 1542 1122
128 -0.091 0.047 3 216 372 928
129 -0.064 -0.252 4 13 34 253 276
130 0.171 0.212 2 557 70
131 0.232 -0.004 2 1445 632
132 0.229 0.177 4 375 1019 785 1023
133 0.184 0.097 4 685 540 433 1254
134 -0.152 -0.191 4 1552 1319 301 1078
135 0.144 -0.188 2 69 1495
136 -0.093 -0.113 4 961 718 1418 377
137 0.248 -0.228 4 1163 1167 1136 1154
138 0.267 -0.185 4 181 1565 895 109
139 0.197 0.063 4 1519 1378 1166 1403
140 0.211 -0.116 4 290 1067 1600 671
141 0.069 0.081 3 500 111 1454
142 -0.16 -0.177 4 1083 1179 12 1551
143 0.187 -0.143 4 559 796 116 695
144 0.141 0.119 2 532 1591
145 0.243 -0.233 4 1291 1557 449 1163
146 0.184 0.073 4 1559 932 528 296
147 -0.155 0.089 4 82 388 1560 1323
148 0.192 0.065 4 1166 841 1403 120
149 0.288 0.084 4 320 393 1416 1561
150 -0.139 0.116 4 241 1342 794 1027
151 0.259 -0.044 2 378 942
152 0.253 -0.225 4 1136 1154 1583 220
153 0.283 0.092 3 710 691 1620
154 0.123 0.225 2 431 1406
155 0.197 0.087 4 417 16 1383 1567
156 0.165 -0.268 2 937 390
157 -0.043 -0.263 3 341 207 453
158 0.173 -0.175 3 1049 1569 1158
159 0.141 0.095 2 904 1308
160 -0.088 0.007 4 1572 751 1306 1320
161 0.325 0.02 2 86 452
162 -0.2 -0.049 2 494 663
163 -0.139 -0.204 4 1353 1333 1292 1524
164 -0.192 -0.108 2 1356 406
165 -0.083 0.172 3 803 1581 324
166 0.123 -0.175 2 969 1275
167 0.237 -0.052 2 317 755
168 0.24 0.151 3 410 529 1512
169 0.067 -0.201 3 1586 473 230
170 0.165 -0.159 3 1514 1587 1102
171 0.08 -0.156 3 1407 707 589
172 0.192 -0.14 4 116 695 64 1455
173 -0.173 -0.121 2 770 1350
174 0.08 0.231 1 552
175 -0.053 -0.273 4 333 92 569 347
176 0.227 -0.087 2 1092 1616
177 -0.099 -0.084 3 1597 1382 448
178 0.053 -0.3 4 1362 58 1598 305
179 0.28 0.124 4 906 890 471 1251
180 0.296 0.1 4 782 1429 1201 1644
181 0.264 -0.188 3 910 1565 138
182 0.173 0.081 3 1089 1130 884
183 0.048 -0.188 3 425 1475 55
184 0.216 0.185 4 580 1277 1054 1043
185 0.2 -0.249 4 821 586 1374 251
186 0.157 0.089 3 101 1460 817
187 0.117 0.212 2 395 729
188 0.168 -0.281 3 846 281 255
189 0.133 0.097 2 124 904
190 -0.147 -0.196 4 1604 1439 1552 696
191 0.208 -0.26 4 615 849 1196 995
192 -0.115 -0.209 4 1606 260 1593 1354
193 -0.147 0.1 3 619 1324 430
194 -0.171 -0.156 3 1133 1511 102
195 0.048 -0.207 4 1218 1456 834 1608
196 0.296 -0.172 3 1064 1080 435
197 0.304 -0.116 2 247 687
198 0.283 0.097 3 1620 405 648
199 0.229 -0.225 4 272 1266 303 399
200 -0.165 0.103 3 440 1077 621
201 0.2 0.055 3 654 797 1139
202 0.029 0.033 2 1516 675
203 -0.144 0.105 4 430 941 1614 728
204 0.253 0.156 4 1375 327 1131 1035
205 -0.011 -0.276 2 859 1377
206 0.192 -0.252 3 1487 1152 1002
207 -0.045 -0.263 3 157 773 453
208 0.2 -0.129 4 908 246 1075 832
209 0.197 0.183 3 454 1486 65
210 0.264 0.145 4 1621 476 838 1548
211 0.221 -0.137 4 1111 236 322 940
212 0.067 0.129 3 934 688 1099
213 -0.168 0.097 3 1626 690 440
214 0.221 -0.097 3 694 1643 1408
215 -0.061 -0.268 3 232 1238 1348
216 -0.093 0.044 4 104 1628 372 128
217 -0.144 0.129 4 1450 1417 1629 769
218 0.168 0.105 3 607 874 464
219 0.285 0.116 4 810 603 66 466
220 0.256 -0.223 4 152 1583 1210 649
221 -0.096 -0.108 4 1418 377 1168 958
222 0.152 -0.271 2 877 336
223 -0.176 0.076 3 1182 1422 1633
224 0.277 -0.172 4 1173 384 1635 1246
225 0.277 0.1 3 405 648 1526
226 -0.045 -0.276 3 1636 268 634
227 0.059 -0.167 3 469 1016 1248
228 0.277 0.129 4 471 1251 461 1391
229 0.187 -0.255 3 1346 472 1487
230 0.069 -0.199 3 169 473 1263
231 -0.099 0.039 3 1176 103 104
232 -0.061 -0.271 3 1238 1348 215
233 0.088 0.105 2 571 802
234 -0.131 0.145 4 982 736 32 313
235 0.024 -0.084 4 33 1448 612 478
236 0.219 -0.137 3 1111 211 322
237 -0.011 -0.007 2 595 1478
238 0.261 -0.217 4 649 837 919 409
239 0.048 0.119 2 480 23
240 -0.099 0.033 2 1281 1176
241 -0.141 0.113 3 1 1342 150
242 -0.115 0.143 4 830 1541 482 1484
243 -0.195 -0.089 2 512 483
244 0.051 0.137 3 1109 714 627
245 0.251 0.007 2 514 125
246 0.2 -0.132 4 1132 908 208 1075
247 0.307 -0.113 2 197 263
248 -0.168 -0.161 3 265 1371 1133
249 0.195 -0.164 4 1226 998 582 1523
250 0.187 -0.273 3 422 7 1262
251 0.203 -0.247 4 185 1374 383 631
252 0.157 -0.161 3 1114 778 538
253 -0.061 -0.252 3 13 325 129
254 -0.16 0.079 4 1297 1189 14 113
255 0.171 -0.279 3 188 281 1037
256 0.275 -0.201 4 1142 920 1192 1150
257 0.304 -0.153 4 1282 38 635 918
258 -0.123 -0.204 4 98 1294 1368 22
259 0.272 0.113 3 492 759 996
260 -0.112 -0.212 4 493 1272 1606 192
261 0.24 0.039 3 495 4 15
262 0.2 -0.156 3 94 901 518
263 0.307 -0.105 2 379 247
264 0.213 -0.148 4 1357 468 987 624
265 -0.168 -0.164 4 26 1497 1371 248
266 0.227 0.159 4 1025 1045 878 497
267 0.28 -0.196 3 1150 931 1249
268 -0.043 -0.279 3 1636 1047 226
269 0.152 0.217 2 697 1640
270 0.011 0.225 2 1117 713
271 -0.035 -0.281 2 1499 412
272 0.227 -0.228 4 1156 29 1266 199
273 -0.099 -0.225 4 732 345 1388 1157
274 0.243 -0.212 4 916 31 577 1287
275 0.312 -0.084 2 1237 463
276 -0.067 -0.249 4 34 129 674 693
277 0.243 0.031 3 1065 1124 48
278 0.139 -0.292 2 403 61
279 0.237 -0.217 4 1159 36 1269 916
280 0.301 0.055 2 977 507
281 0.171 -0.281 3 188 255 1037
282 -0.109 0.148 4 1484 1000 1556 1322
283 0.179 0.193 3 40 981 451
284 -0.083 -0.255 3 42 1585 681
285 0.317 -0.004 2 708 1336
286 0.221 -0.233 4 1420 470 585 1156
287 0.293 0.105 4 1201 1644 293 1470
288 0.147 0.204 2 701 1485
289 0.299 -0.161 3 1219 807 1048
290 0.208 -0.119 4 10 1584 1067 140
291 0.168 -0.18 3 947 1221 1049
292 0.229 0.052 4 1365 662 1387 46
293 0.291 0.105 3 1201 287 1470
294 0.205 -0.124 4 832 1187 10 1584
295 0.229 0.012 2 980 504
296 0.181 0.076 3 528 146 78
297 -0.091 0.164 4 415 665 862 1095
298 0.051 0.108 3 686 436 1227
299 -0.091 -0.249 4 533 1310 952 459
300 -0.176 -0.145 3 534 467 711
301 -0.155 -0.188 3 134 1078 53
302 0.2 0.177 3 52 454 1486
303 0.232 -0.225 4 1266 199 399 442
304 -0.165 -0.135 2 717 776
305 0.056 -0.297 5 178 58 843 1598 610
306 0.24 -0.111 3 664 912 1421
307 -0.179 -0.095 2 656 1236
308 -0.08 0.191 3 1343 1564 1479
309 0.315 -0.068 2 1336 1237
310 0.024 0.012 4 438 59 1500 1264
311 0.219 -0.105 4 503 539 60 441
312 -0.013 -0.129 2 90 423
313 -0.128 0.148 4 234 32 62 1164
314 -0.048 0.207 3 400 640 1074
315 0.053 -0.18 4 882 117 605 604
316 -0.157 0.113 4 57 67 1311 1326
317 0.235 -0.055 2 167 1013
318 -0.037 0.196 2 645 822
319 0.157 0.215 2 697 597
320 0.288 0.081 3 1205 393 149
321 -0.101 0.172 4 1424 8 74 1015
322 0.221 -0.135 4 236 211 940 747
323 0.064 -0.159 4 756 554 1028 1547
324 -0.08 0.172 4 1581 165 1464 750
325 -0.059 -0.255 4 1331 13 1570 253
326 0.301 0.089 4 75 537 962 560
327 0.256 0.153 4 936 789 1375 204
328 -0.128 0.129 4 1430 561 1419 2
329 -0.168 -0.129 2 717 49
330 -0.181 0.068 2 1258 957
331 0.029 -0.103 3 1191 1040 1510
332 0.235 -0.116 3 568 424 664
333 -0.051 -0.276 3 634 175 569
334 0.005 -0.124 2 437 1370
335 0.016 -0.281 2 1096 1020
336 0.157 -0.271 2 390 222
337 0.253 -0.201 4 394 550 367 777
338 -0.165 -0.172 3 12 89 85
339 -0.107 -0.217 4 572 1100 989 1272
340 -0.093 -0.081 4 1382 448 573 673
341 -0.04 -0.265 2 157 1005
342 -0.179 0.028 2 76 808
343 0.157 0.111 2 71 1286
344 0.184 -0.172 3 1468 575 885
345 -0.096 -0.228 4 576 964 732 273
346 0.181 -0.276 3 35 1055 422
347 -0.056 -0.271 3 92 175 1238
348 -0.051 -0.257 3 99 773 462
349 0.301 -0.124 2 100 687
350 0.213 0.071 4 1509 97 1515 1060
351 0.216 -0.143 4 987 624 1345 1111
352 -0.069 -0.068 2 1529 657
353 0.085 0.089 3 988 1278 818
354 -0.152 -0.161 3 1062 1473 1231
355 -0.053 -0.063 2 712 1588
356 0.064 -0.207 4 1358 587 1599 1586
357 0.232 0.172 4 1239 1044 375 1019
358 -0.085 -0.073 4 456 593 611 844
359 -0.077 -0.124 2 992 1212
360 -0.101 -0.103 2 958 1056
361 0.008 0.052 2 416 1126
362 0.208 0.191 4 1183 1225 986 1466
363 0.221 0.031 3 815 735 487
364 -0.056 0.204 3 1243 114 565
365 0.019 0.044 4 745 499 515 1145
366 0.213 0.041 4 1316 1415 1228 1471
367 0.256 -0.201 4 550 337 777 1305
368 -0.131 0.124 4 1103 869 1430 561
369 0.307 0.081 3 121 1647 1507
370 0.021 -0.079 4 612 478 1395 698
371 -0.075 0.193 4 1479 613 863 1097
372 -0.091 0.044 4 1628 216 128 928
373 0.152 0.092 2 1460 771
374 -0.069 -0.127 2 1212 786
375 0.229 0.175 4 357 1019 785 132
376 -0.008 0.207 2 1607 1034
377 -0.093 -0.111 4 136 718 1418 221
378 0.256 -0.047 2 151 1138
379 0.309 -0.103 2 263 606
380 0.251 -0.207 4 793 1204 394 550
381 0.272 0.135 4 628 1391 889 1119
382 -0.053 0.057 2 754 824
383 0.205 -0.247 3 251 631 939
384 0.277 -0.175 3 762 1173 224
385 0.176 -0.263 2 563 505
386 -0.088 -0.236 4 1046 667 1022 633
387 0.019 0.007 4 115 1528 1376 438
388 -0.155 0.087 3 1492 82 147
389 0.163 -0.183 2 1029 947
390 0.16 -0.268 2 336 156
391 -0.197 -0.023 3 788 517 761
392 0.24 0.167 4 1009 1240 524 1304
393 0.291 0.081 4 1205 1185 320 149
394 0.251 -0.204 4 1204 380 550 337
395 0.115 0.215 2 187 525
396 0.261 0.124 4 1641 1426 888 943
397 0.123 0.1 2 809 124
398 -0.171 0.092 3 637 1642 1626
399 0.232 -0.223 4 199 303 442 1159
400 -0.051 0.204 3 565 640 314
401 -0.176 -0.105 2 1236 873
402 -0.12 -0.225 4 875 465 1520 1290
403 0.141 -0.289 2 278 50
404 -0.149 0.127 3 1337 1450 1417
405 0.28 0.097 4 1620 198 225 648
406 -0.192 -0.1 2 483 164
407 0.059 0.137 3 1637 946 627
408 -0.181 -0.135 2 1344 816
409 0.264 -0.215 4 238 919 651 959
410 0.24 0.148 4 1489 529 1512 168
411 0.008 0.001 2 1309 1610
412 -0.037 -0.281 2 271 1047
413 0.259 0.148 4 838 1548 936 789
414 0.272 -0.177 3 661 762 1173
415 -0.093 0.161 4 1562 1327 665 297
416 0.011 0.049 3 535 775 361
417 0.2 0.084 4 479 455 155 16
418 -0.144 -0.175 4 37 566 443 948
419 0.101 0.103 2 802 809
420 0.317 0.055 2 1155 1618
421 0.224 0.063 4 1112 1299 1296 1530
422 0.184 -0.273 4 346 1055 250 7
423 -0.059 -0.129 2 786 312
424 0.237 -0.116 3 568 332 664
425 0.048 -0.191 3 1531 183 1475
426 0.213 -0.111 3 671 527 503
427 0.315 0.063 2 1533 1155
428 0.152 0.113 2 1286 79
429 -0.027 0.201 2 1071 804
430 -0.147 0.103 4 1324 193 941 203
431 0.12 0.228 2 154 574
432 0.077 -0.3 3 562 1216 683
433 0.187 0.097 3 685 1050 133
434 0.192 -0.268 3 1262 1372 973
435 0.296 -0.169 4 1080 196 1373 1458
436 0.053 0.108 3 686 298 1227
437 0.008 -0.121 3 334 956 1404
438 0.021 0.009 4 387 1376 59 310
439 -0.171 0.057 2 1203 1611
440 -0.165 0.1 4 213 690 200 1077
441 0.221 -0.103 3 311 60 694
442 0.235 -0.223 4 303 399 1159 36
443 -0.147 -0.175 3 37 418 948
444 0.248 -0.087 2 80 991
445 0.312 0.015 2 1414 905
446 -0.019 0.057 2 1178 1261
447 -0.173 0.049 2 1215 1611
448 -0.096 -0.081 4 177 1382 340 573
449 0.245 -0.233 4 1557 145 1163 1167
450 -0.139 0.135 3 769 1010 929
451 0.176 0.193 4 40 1032 283 1265
452 0.325 0.031 2 669 161
453 -0.045 -0.26 3 207 157 773
454 0.197 0.18 4 302 1486 65 209
455 0.203 0.084 4 479 91 417 16
456 -0.088 -0.076 4 673 692 593 358
457 0.163 0.087 4 851 101 616 817
458 -0.128 -0.217 4 881 1224 1115 530
459 -0.093 -0.247 3 952 299 1051
460 -0.069 -0.263 3 705 47 636
461 0.275 0.129 4 471 228 628 1391
462 -0.053 -0.257 4 99 1331 348 1570
463 0.312 -0.095 2 606 275
464 0.168 0.108 3 218 607 874
465 -0.117 -0.228 4 709 1091 875 402
466 0.285 0.119 4 219 603 66 890
467 -0.179 -0.145 3 534 300 711
468 0.211 -0.148 4 1107 1357 264 987
469 0.059 -0.169 4 1213 715 227 1016
470 0.219 -0.233 3 646 1420 286
471 0.277 0.127 4 179 1251 461 228
472 0.187 -0.257 3 1346 229 1487
473 0.069 -0.201 4 1586 169 230 1263
474 0.083 -0.172 2 45 1018
475 0.232 0.156 4 1410 826 1025 1045
476 0.267 0.143 4 746 1351 1621 210
477 0.275 0.108 4 600 598 738 492
478 0.024 -0.081 4 235 1448 612 370
479 0.203 0.081 4 1502 91 417 455
480 0.048 0.116 3 726 1469 239
481 -0.181 -0.084 2 521 656
482 -0.115 0.145 4 1541 242 1484 1000
483 -0.195 -0.097 2 406 243
484 0.195 0.092 3 1383 1567 892
485 0.171 0.196 3 1032 1255 1265
486 0.267 0.119 3 730 996 1641
487 0.219 0.033 4 735 363 950 1172
488 0.181 0.207 3 1435 523 510
489 0.235 0.044 4 15 1501 1128 1207
490 0.192 0.199 3 93 1436 1209
491 -0.077 -0.244 4 784 546 1042 1440
492 0.272 0.111 4 738 477 759 259
493 -0.112 -0.215 4 989 1272 1606 260
494 -0.197 -0.047 1 162
495 0.24 0.036 4 1124 48 4 261
496 0.155 -0.287 2 1295 856
497 0.227 0.161 4 266 1045 878 590
498 0.299 -0.135 2 1386 655
499 0.021 0.044 4 745 25 365 1145
500 0.067 0.081 3 141 967 111
501 -0.029 -0.009 2 1478 723
502 0.309 -0.145 2 1140 734
503 0.216 -0.108 4 426 527 539 311
504 0.229 0.007 2 632 295
505 0.179 -0.26 3 385 1506 828
506 -0.096 0.015 4 1451 30 1438 19
507 0.301 0.057 2 280 1393
508 -0.083 0.049 3 1144 923 972
509 0.309 0.071 2 118 983
510 0.179 0.207 4 1435 1631 488 1397
511 -0.059 0.185 4 614 847 1542 127
512 -0.197 -0.087 2 243 997
513 0.107 -0.177 2 1275 1285
514 0.253 0.004 2 245 567
515 0.016 0.047 4 365 535 1145 775
516 -0.109 -0.236 4 72 1384 792 1149
517 -0.2 -0.023 3 788 391 761
518 0.203 -0.156 4 901 262 725 81
519 0.005 -0.071 2 5 28
520 -0.187 -0.119 2 894 1004
521 -0.184 -0.081 2 481 56
522 0.227 -0.249 3 1504 1235 963
523 0.184 0.204 4 1068 1435 825 488
524 0.237 0.169 4 392 1239 1304 1044
525 0.099 0.215 2 893 395
526 -0.099 -0.247 3 1051 915 766
527 0.216 -0.111 4 671 426 503 539
528 0.181 0.073 4 1559 146 78 296
529 0.243 0.148 4 1489 848 410 168
530 -0.131 -0.215 4 1115 458 1394 1160
531 0.269 -0.204 3 122 1142 920
532 0.144 0.116 2 144 79
533 -0.091 -0.252 4 570 1310 952 299
534 -0.176 -0.148 4 1301 1544 467 300
535 0.013 0.047 3 515 416 775
536 0.035 0.217 2 1594 893
537 0.304 0.087 3 1507 75 326
538 0.16 -0.159 3 252 778 1514
539 0.219 -0.108 3 527 503 311
540 0.181 0.097 3 133 1268 1254
541 0.104 -0.196 2 1428 1563
542 0.205 0.049 4 126 1539 654 1361
543 -0.083 0.001 3 1592 751 781
544 -0.12 0.137 4 1245 1011 1072 830
545 0.181 -0.145 4 1175 1480 559 796
546 -0.075 -0.244 4 784 1549 491 1440
547 0.232 -0.068 2 1013 787
548 -0.2 -0.028 1 788
549 0.291 -0.151 3 990 1444 790
550 0.253 -0.204 4 380 394 337 367
551 0.328 0.004 2 1603 86
552 0.101 0.231 2 574 174
553 0.243 -0.1 2 1116 1513
554 0.064 -0.161 3 1248 756 323
555 0.123 -0.281 2 1347 1244
556 0.171 -0.153 4 1102 1443 1069 984
557 0.173 0.209 3 1631 1397 130
558 0.085 -0.161 2 1407 1018
559 0.184 -0.145 4 1480 545 796 143
560 0.301 0.092 3 326 962 17
561 -0.128 0.127 4 368 1430 328 1419
562 0.075 -0.3 3 1432 432 683
563 0.173 -0.263 2 979 385
564 0.325 -0.1 2 63 1257
565 -0.053 0.204 4 114 364 400 640
566 -0.141 -0.177 3 1270 37 418
567 0.253 -0.004 2 909 514
568 0.235 -0.119 4 1630 1493 332 424
569 -0.051 -0.273 3 333 634 175
570 -0.088 -0.255 3 681 533 1310
571 0.085 0.103 3 970 1199 233
572 -0.107 -0.22 4 865 1100 989 339
573 -0.093 -0.079 4 448 340 673 692
574 0.104 0.228 2 552 431
575 0.184 -0.169 4 1468 344 885 639
576 -0.096 -0.231 4 727 964 732 345
577 0.245 -0.212 4 31 274 1287 793
578 0.211 0.076 4 1515 1060 1573 1335
579 0.256 0.132 4 1503 1118 653 896
580 0.219 0.183 4 1186 721 184 1054
581 0.221 0.025 3 853 1555 815
582 0.195 -0.161 4 998 249 1523 94
583 -0.085 0.185 4 806 88 1110 1343
584 0.227 -0.132 4 940 747 1325 1355
585 0.224 -0.233 3 286 1156 29
586 0.197 -0.249 4 1002 821 185 1374
587 0.064 -0.209 3 1358 356 1599
588 0.288 0.111 3 1470 765 810
589 0.077 -0.153 2 171 1141
590 0.224 0.164 4 878 497 763 1006
591 0.003 0.055 2 1126 1328
592 0.221 -0.249 3 1197 811 1504
593 -0.085 -0.076 3 456 358 611
594 -0.075 0.177 3 750 827 1582
595 -0.008 -0.004 2 237 1194
596 0.099 -0.284 2 1389 1617
597 0.163 0.215 2 70 319
598 0.277 0.105 3 1526 600 477
599 -0.152 0.119 4 1326 1093 1527 1575
600 0.275 0.105 4 1526 598 738 477
601 -0.085 0.167 4 862 1095 803 1581
602 -0.101 0.156 4 1014 835 1494 1041
603 0.288 0.116 3 810 219 466
604 0.056 -0.177 3 315 605 836
605 0.053 -0.177 3 315 604 836
606 0.309 -0.097 2 463 379
607 0.171 0.105 4 1449 218 1434 464
608 0.187 0.188 3 839 1208 1250
609 0.248 0.14 4 1162 1066 1084 842
610 0.059 -0.297 3 58 843 305
611 -0.083 -0.073 4 593 358 844 1413
612 0.021 -0.081 4 235 478 1395 370
613 -0.075 0.191 3 1479 371 863
614 -0.061 0.183 3 1253 847 511
615 0.205 -0.263 4 917 1612 849 191
616 0.165 0.087 3 851 1615 457
617 0.317 -0.124 2 978 852
618 -0.152 0.095 4 1560 1323 854 619
619 -0.149 0.097 4 618 854 1324 193
620 -0.045 0.191 3 1481 855 800
621 -0.163 0.105 4 200 1077 1234 1007
622 0.293 -0.143 3 1024 860 1153
623 0.195 -0.135 4 64 1455 1132 908
624 0.216 -0.145 4 264 987 351 1345
625 -0.016 0.22 2 119 1318
626 0.248 0.159 4 1131 1035 110 1601
627 0.053 0.137 3 714 244 407
628 0.272 0.132 4 461 1391 889 381
629 -0.061 0.201 3 1033 638 1243
630 -0.051 0.188 3 1122 871 1481
631 0.205 -0.244 4 251 383 939 799
632 0.232 0.004 2 504 131
633 -0.088 -0.233 3 386 667 1022
634 -0.048 -0.276 4 1636 333 226 569
635 0.304 -0.151 3 257 918 1140
636 -0.072 -0.263 4 705 1012 460 772
637 -0.171 0.089 4 1423 1568 398 1642
638 -0.061 0.199 3 1033 629 1243
639 0.187 -0.167 3 575 885 1409
640 -0.051 0.207 3 565 400 314
641 -0.149 -0.167 4 1571 720 819 1062
642 0.072 0.124 3 1483 934 44
643 0.235 -0.02 2 755 1445
644 0.28 -0.167 4 1635 1246 1312 1477
645 -0.04 0.196 2 800 318
646 0.216 -0.236 4 1307 666 1420 470
647 0.176 0.103 4 1268 1449 1505 1434
648 0.28 0.1 4 405 198 225 1526
649 0.259 -0.22 4 220 1210 837 238
650 0.309 0.028 2 905 1223
651 0.264 -0.212 4 919 409 959 6
652 0.051 0.231 1 879
653 0.253 0.132 4 1503 579 1081 896
654 0.203 0.052 4 542 1361 201 797
655 0.299 -0.129 2 100 498
656 -0.181 -0.092 2 307 481
657 -0.075 -0.068 2 945 352
658 0.232 -0.244 4 963 1302 1589 921
659 0.261 -0.193 4 1535 900 668 910
660 0.027 0.228 2 879 1117
661 0.272 -0.18 4 109 902 414 762
662 0.232 0.052 3 1365 292 46
663 -0.2 -0.068 2 997 162
664 0.237 -0.113 4 332 424 912 306
665 -0.093 0.164 3 1327 415 297
666 0.216 -0.239 4 1540 1307 646 1420
667 -0.085 -0.236 4 1046 1453 386 633
668 0.264 -0.193 3 900 659 910
669 0.323 0.033 2 452 1134
670 -0.003 0.223 2 713 1161
671 0.213 -0.113 4 140 1600 426 527
672 -0.101 -0.241 4 915 766 840 1082
673 -0.091 -0.079 4 340 573 692 456
674 -0.069 -0.249 4 34 276 1549 693
675 0.029 0.02 3 1031 1627 202
676 0.176 -0.151 4 1069 984 951 1175
677 0.235 -0.239 3 1589 921 18
678 0.328 -0.087 2 1257 1580
679 0.016 -0.073 3 924 698 1267
680 0.024 -0.113 2 1052 926
681 -0.085 -0.255 4 42 570 284 1310
682 -0.176 0.044 2 1215 1613
683 0.077 -0.297 3 562 432 1216
684 0.32 0.047 2 1618 742
685 0.187 0.095 4 108 1050 133 433
686 0.053 0.105 4 1360 1329 298 436
687 0.304 -0.121 2 349 197
688 0.069 0.129 4 934 44 212 1099
689 0.08 -0.199 2 1098 1428
690 -0.165 0.097 3 1626 213 440
691 0.285 0.092 3 710 153 1620
692 -0.091 -0.076 3 573 673 456
693 -0.069 -0.247 3 674 276 1549
694 0.221 -0.1 4 60 441 214 1643
695 0.189 -0.14 4 143 116 172 64
696 -0.147 -0.193 3 190 1552 1319
697 0.155 0.217 2 319 269
698 0.019 -0.076 4 1395 370 924 679
699 0.179 -0.172 3 1158 1147 1468
700 0.141 0.22 2 1259 1640
701 0.144 0.207 2 288 1222
702 -0.077 -0.001 2 1592 1241
703 -0.187 -0.004 2 1625 1220
704 0.067 0.135 2 1099 1104
705 -0.069 -0.265 4 1465 47 636 460
706 0.128 -0.295 2 61 11
707 0.083 -0.156 2 1407 171
708 0.315 -0.001 2 285 1414
709 -0.117 -0.231 4 857 1091 875 465
710 0.285 0.089 4 1416 1561 153 691
711 -0.179 -0.143 3 467 300 953
712 -0.056 -0.065 2 355 1529
713 -0.0 0.225 2 670 270
714 0.051 0.135 4 1341 1109 244 627
715 0.059 -0.172 3 836 1213 469
716 0.125 -0.193 2 1563 898
717 -0.168 -0.132 2 304 329
718 -0.091 -0.113 4 961 1202 136 377
719 0.163 0.108 2 874 71
720 -0.147 -0.169 3 948 1571 641
721 0.221 0.183 4 1186 1008 580 1054
722 0.28 -0.191 3 1249 1298 1379
723 -0.043 -0.009 2 866 501
724 0.019 -0.113 3 1171 1431 1052
725 0.205 -0.156 3 518 81 1090
726 0.048 0.113 3 1227 1469 480
727 -0.093 -0.233 3 1022 576 964
728 -0.141 0.108 3 203 1614 1
729 0.125 0.212 2 3 187
730 0.267 0.116 3 759 996 486
731 -0.139 0.14 3 929 922 1143
732 -0.099 -0.228 4 576 345 1388 273
733 0.32 -0.119 2 852 1490
734 0.309 -0.14 2 1233 502
735 0.219 0.031 4 815 363 950 487
736 -0.133 0.145 4 1143 982 234 32
737 0.309 0.076 3 983 845 121
738 0.272 0.108 3 600 477 492
739 -0.109 0.167 4 1472 1230 1038 801
740 -0.005 -0.065 2 820 1193
741 0.011 -0.071 3 24 1267 5
742 0.32 0.041 2 1134 684
743 0.083 0.084 4 805 1461 988 1278
744 0.149 -0.167 2 105 907
745 0.021 0.041 4 1030 25 365 499
746 0.267 0.14 4 1119 1351 1621 476
747 0.224 -0.132 4 322 940 584 1325
748 -0.003 -0.279 2 1377 938
749 0.157 0.201 2 976 1293
750 -0.077 0.175 4 324 1464 827 594
751 -0.085 0.004 4 543 1572 781 160
752 0.064 0.087 4 967 111 1609 914
753 -0.019 -0.273 2 1381 859
754 -0.051 0.06 2 382 1178
755 0.237 -0.023 2 643 167
756 0.061 -0.161 3 1248 554 323
757 0.211 0.047 3 1471 126 1539
758 -0.173 0.081 3 1633 1398 1184
759 0.269 0.113 4 492 259 730 996
760 0.232 -0.124 4 84 891 1630 1493
761 -0.2 -0.02 3 517 391 1273
762 0.275 -0.177 4 661 414 1173 384
763 0.221 0.164 4 878 590 791 1006
764 0.136 -0.191 2 898 69
765 0.291 0.111 3 1470 588 810
766 -0.099 -0.244 4 526 1051 915 672
767 -0.024 0.217 2 1276 119
768 -0.069 0.196 4 863 1097 1537 123
769 -0.141 0.132 4 217 1629 1010 450
770 -0.171 -0.124 2 49 173
771 0.149 0.092 2 373 1308
772 -0.075 -0.26 3 1012 636 1518
773 -0.048 -0.26 4 207 99 453 348
774 -0.104 0.151 4 1556 1322 1014 835
775 0.013 0.049 3 535 515 416
776 -0.165 -0.14 2 106 304
777 0.256 -0.199 4 337 367 1305 1535
778 0.16 -0.161 3 252 538 1514
779 -0.069 0.177 3 1582 795 1317
780 -0.0 -0.292 2 886 1303
781 -0.083 0.004 3 543 1592 751
782 0.296 0.097 3 17 1429 180
783 0.216 0.169 4 1442 791 1496 1260
784 -0.075 -0.247 3 1549 491 546
785 0.227 0.177 4 375 132 1008 1023
786 -0.061 -0.127 2 423 374
787 0.232 -0.076 2 1146 547
788 -0.2 -0.025 3 548 517 391
789 0.259 0.151 4 413 1548 936 327
790 0.291 -0.148 4 1444 549 1024 860
791 0.219 0.167 4 763 1442 1006 783
792 -0.107 -0.236 3 72 1082 516
793 0.248 -0.209 4 577 1287 1204 380
794 -0.136 0.116 4 1342 150 1027 1330
795 -0.069 0.18 4 1582 779 1317 1550
796 0.184 -0.143 3 545 559 143
797 0.203 0.055 4 654 1361 201 1139
798 -0.12 0.159 4 999 1256 1321 1086
799 0.208 -0.241 3 631 939 1211
800 -0.043 0.193 3 620 855 645
801 -0.107 0.169 4 739 1038 1424 8
802 0.099 0.105 2 419 233
803 -0.085 0.169 4 1095 601 1581 165
804 -0.024 0.201 2 429 1579
805 0.08 0.081 3 1454 1461 743
806 -0.088 0.183 4 43 1457 88 583
807 0.301 -0.161 3 1219 289 1048
808 -0.179 0.033 2 1613 342
809 0.12 0.103 2 397 419
810 0.288 0.113 4 588 765 219 603
811 0.221 -0.252 4 1441 1197 592 1504
812 -0.187 0.055 2 1602 1288
813 0.099 -0.3 2 1352 1216
814 0.253 -0.068 2 1138 1057
815 0.221 0.028 4 581 1555 735 363
816 -0.184 -0.132 2 408 83
817 0.16 0.089 3 101 457 186
818 0.085 0.095 2 27 353
819 -0.152 -0.167 3 1571 641 1062
820 -0.003 -0.068 2 740 28
821 0.197 -0.252 3 1002 586 185
822 -0.035 0.199 2 318 1071
823 0.12 0.121 2 96 1521
824 -0.064 0.057 2 1053 382
825 0.187 0.204 3 1068 1436 523
826 0.235 0.153 4 107 1512 1410 475
827 -0.075 0.175 4 1464 750 594 1582
828 0.181 -0.257 3 505 1506 1346
829 0.245 0.164 4 110 1601 1009 1240
830 -0.117 0.14 4 544 1072 1541 242
831 0.141 -0.169 2 907 1645
832 0.203 -0.127 4 208 1075 1187 294
833 0.283 -0.161 3 1477 1279 1063
834 0.045 -0.204 3 195 1608 1079
835 -0.101 0.153 4 774 1014 602 1494
836 0.056 -0.175 4 605 604 1213 715
837 0.259 -0.217 4 1210 649 238 919
838 0.261 0.145 4 1621 210 413 1548
839 0.187 0.185 3 1208 1250 608
840 -0.104 -0.241 4 915 672 72 1082
841 0.189 0.065 3 148 1151 120
842 0.248 0.143 4 609 1066 1084 848
843 0.059 -0.3 3 58 305 610
844 -0.083 -0.071 3 358 611 1413
845 0.307 0.076 3 983 737 121
846 0.165 -0.281 2 1252 188
847 -0.061 0.185 3 1253 614 511
848 0.245 0.145 4 1084 842 1489 529
849 0.205 -0.26 3 1612 615 191
850 -0.128 -0.196 4 1085 1605 994 1364
851 0.165 0.084 4 1190 1615 457 616
852 0.317 -0.121 2 617 733
853 0.224 0.023 3 1087 581 1555
854 -0.152 0.097 3 618 619 1324
855 -0.045 0.193 3 1481 620 800
856 0.149 -0.287 2 50 496
857 -0.115 -0.233 4 1384 1149 709 1091
858 0.227 -0.092 3 1408 1188 1092
859 -0.013 -0.273 2 205 753
860 0.293 -0.145 3 790 1024 622
861 -0.096 0.177 4 1015 1247 1313 1073
862 -0.088 0.164 3 297 1095 601
863 -0.072 0.193 4 613 371 1097 768
864 0.307 0.039 2 1223 1289
865 -0.104 -0.223 4 1388 1157 572 1100
866 -0.045 -0.007 2 723 971
867 0.056 0.097 3 1545 1314 1101
868 0.2 -0.265 4 87 1498 917 1612
869 -0.133 0.124 3 1103 368 1430
870 0.075 -0.196 2 1263 1098
871 -0.051 0.191 3 1122 630 1481
872 -0.136 -0.212 3 1394 1160 1105
873 -0.176 -0.113 2 1350 401
874 0.165 0.108 3 218 719 464
875 -0.12 -0.228 4 709 465 1520 402
876 0.248 0.015 2 125 1338
877 0.149 -0.273 2 222 1148
878 0.224 0.161 4 266 497 763 590
879 0.029 0.231 2 660 652
880 0.152 -0.185 2 1495 975
881 -0.128 -0.22 4 993 1224 1115 458
882 0.051 -0.183 3 55 117 315
883 -0.083 -0.119 3 897 992 1595
884 0.171 0.081 4 1089 1190 182 1615
885 0.187 -0.169 4 344 575 639 1409
886 0.003 -0.295 2 780 1553
887 -0.184 0.063 2 1258 1602
888 0.259 0.127 4 396 943 1503 1118
889 0.269 0.135 3 628 381 1119
890 0.283 0.121 4 66 466 906 179
891 0.229 -0.124 3 84 760 1630
892 0.192 0.092 4 1383 108 484 1050
893 0.096 0.217 2 525 536
894 -0.189 -0.116 2 520 1356
895 0.269 -0.185 4 1565 138 109 902
896 0.253 0.135 4 653 579 1081 1162
897 -0.083 -0.121 3 992 1595 883
898 0.133 -0.193 2 764 716
899 -0.16 -0.148 3 1125 1135 1517
900 0.261 -0.196 4 1305 1535 659 668
901 0.2 -0.159 4 1523 94 262 518
902 0.272 -0.183 3 895 109 661
903 0.296 0.071 2 1121 9
904 0.139 0.097 2 159 189
905 0.312 0.025 2 650 445
906 0.28 0.121 3 66 890 179
907 0.144 -0.167 2 831 744
908 0.197 -0.132 4 623 1132 246 208
909 0.256 -0.007 2 567 930
910 0.264 -0.191 4 659 668 181 1565
911 -0.016 0.204 2 1034 1579
912 0.237 -0.111 3 664 306 1421
913 0.245 0.025 2 1094 1065
914 0.061 0.089 4 1609 752 1532 1137
915 -0.101 -0.244 4 526 766 840 672
916 0.24 -0.215 4 279 1269 31 274
917 0.203 -0.265 3 868 1612 615
918 0.307 -0.151 3 257 635 1140
919 0.261 -0.215 4 837 238 409 651
920 0.272 -0.201 4 531 1142 256 1192
921 0.235 -0.241 4 658 1589 677 18
922 -0.136 0.14 4 929 731 1143 982
923 -0.085 0.049 3 928 1144 508
924 0.016 -0.076 4 1395 698 1267 679
925 -0.029 -0.268 2 21 1283
926 0.024 -0.111 4 1052 680 1396 1433
927 -0.099 -0.089 2 1056 1597
928 -0.088 0.047 4 372 128 1144 923
929 -0.139 0.137 4 1010 450 731 922
930 0.256 -0.025 2 942 909
931 0.277 -0.196 4 1192 1150 267 1249
932 0.187 0.071 4 1151 120 1559 146
933 -0.197 0.001 2 1273 1385
934 0.069 0.127 4 642 44 212 688
935 0.029 -0.297 2 1463 1198
936 0.256 0.151 4 413 789 1375 327
937 0.168 -0.265 2 156 979
938 0.005 -0.279 2 1020 748
939 0.208 -0.244 4 383 631 799 1211
940 0.224 -0.135 4 211 322 747 584
941 -0.147 0.105 3 430 203 1614
942 0.259 -0.028 2 930 151
943 0.261 0.127 4 396 1426 888 1118
944 -0.195 0.02 2 1385 1619
945 -0.077 -0.071 2 1413 657
946 0.061 0.137 3 1637 1104 407
947 0.165 -0.18 3 389 291 1221
948 -0.147 -0.172 4 443 418 1571 720
949 0.251 -0.079 2 1057 80
950 0.216 0.033 3 735 487 1172
951 0.179 -0.151 3 676 1175 1480
952 -0.093 -0.249 4 533 299 1051 459
953 -0.179 -0.14 2 711 1344
954 -0.157 -0.183 4 53 68 1083 1179
955 0.197 0.199 3 1181 1459 93
956 0.011 -0.121 3 437 1404 1534
957 -0.179 0.071 2 330 1182
958 -0.099 -0.105 3 1168 221 360
959 0.267 -0.212 4 409 651 6 1536
960 -0.064 -0.004 2 971 1380
961 -0.091 -0.116 4 974 1202 136 718
962 0.299 0.092 3 326 560 17
963 0.229 -0.247 4 522 1235 1302 658
964 -0.093 -0.231 4 727 1022 576 345
965 0.013 0.001 3 1610 1195 115
966 -0.019 -0.287 2 1491 1058
967 0.064 0.084 4 500 111 1609 752
968 0.211 0.172 4 1496 1508 1260 1271
969 0.125 -0.172 2 166 1639
970 0.083 0.1 3 27 1199 571
971 -0.061 -0.007 2 960 866
972 -0.08 0.052 2 508 1177
973 0.195 -0.268 4 1372 434 87 1498
974 -0.088 -0.119 3 1595 961 1202
975 0.157 -0.185 2 1029 880
976 0.16 0.199 2 749 1390
977 0.304 0.052 2 280 1447
978 0.315 -0.127 2 617 77
979 0.171 -0.265 2 937 563
980 0.227 0.015 2 295 1206
981 0.181 0.191 4 0 1250 40 283
982 -0.133 0.143 4 922 1143 736 234
983 0.309 0.073 3 509 845 737
984 0.173 -0.151 3 556 1069 676
985 0.203 0.193 4 1225 1466 1459 41
986 0.211 0.191 3 1183 1043 362
987 0.213 -0.145 4 468 264 624 351
988 0.083 0.087 4 1461 743 1278 353
989 -0.109 -0.217 4 572 339 493 1272
990 0.288 -0.153 4 73 1217 1444 549
991 0.248 -0.092 2 1280 444
992 -0.08 -0.121 3 359 897 883
993 -0.125 -0.223 4 1520 1290 881 1224
994 -0.131 -0.196 4 1085 850 1646 1364
995 0.211 -0.257 4 191 1196 112 1525
996 0.269 0.116 4 759 259 730 486
997 -0.197 -0.071 2 663 512
998 0.192 -0.164 4 1409 1226 249 582
999 -0.123 0.156 4 1399 1229 1256 798
1000 -0.112 0.148 3 482 1484 282
1001 -0.155 -0.156 3 1231 1165 1401
1002 0.195 -0.252 4 1152 206 821 586
1003 0.192 0.183 3 65 1208 1437
1004 -0.187 -0.124 2 83 520
1005 -0.035 -0.265 2 1283 341
1006 0.221 0.167 3 763 590 791
1007 -0.16 0.108 4 621 1234 57 67
1008 0.224 0.18 4 785 1186 1023 721
1009 0.243 0.164 4 110 829 392 1240
1010 -0.141 0.135 4 1629 769 450 929
1011 -0.12 0.135 4 1482 1245 544 1072
1012 -0.075 -0.263 3 636 1518 772
1013 0.235 -0.065 2 547 317
1014 -0.104 0.153 4 1322 774 835 602
1015 -0.099 0.175 4 321 74 1247 861
1016 0.061 -0.167 3 469 227 1248
1017 -0.192 0.033 2 1619 1488
1018 0.085 -0.169 2 474 558
1019 0.232 0.175 4 357 1044 375 132
1020 0.008 -0.281 2 938 335
1021 0.24 -0.239 3 18 1291 1557
1022 -0.091 -0.233 4 386 727 633 964
1023 0.227 0.18 3 785 132 1008
1024 0.291 -0.145 3 790 860 622
1025 0.229 0.156 4 1410 475 266 1045
1026 0.243 -0.105 3 1421 1180 1116
1027 -0.136 0.119 4 150 794 1330 1103
1028 0.064 -0.156 2 323 1547
1029 0.16 -0.183 2 975 389
1030 0.024 0.039 4 1516 1284 745 25
1031 0.027 0.017 3 1264 1627 675
1032 0.173 0.193 3 451 485 1265
1033 -0.064 0.199 4 1537 123 638 629
1034 -0.013 0.207 2 911 376
1035 0.251 0.159 4 1131 204 626 1601
1036 -0.181 0.015 2 1169 76
1037 0.173 -0.279 3 281 255 1574
1038 -0.109 0.169 3 1230 739 801
1039 -0.141 -0.183 3 1106 1558 1270
1040 0.029 -0.105 3 1433 1191 331
1041 -0.099 0.159 4 602 1494 1562 1327
1042 -0.08 -0.241 4 491 1214 1440 1453
1043 0.213 0.188 4 1277 184 1183 986
1044 0.235 0.172 4 1239 524 357 1019
1045 0.229 0.159 4 1025 475 266 497
1046 -0.085 -0.239 4 1214 1453 386 667
1047 -0.04 -0.279 2 412 268
1048 0.301 -0.159 4 289 807 1282 38
1049 0.171 -0.177 4 291 1221 1569 158
1050 0.189 0.095 4 108 892 685 433
1051 -0.096 -0.247 4 952 526 459 766
1052 0.021 -0.113 4 1431 724 680 926
1053 -0.067 0.055 2 824 1546
1054 0.219 0.185 3 580 721 184
1055 0.181 -0.273 3 35 346 422
1056 -0.101 -0.092 2 927 360
1057 0.253 -0.076 2 949 814
1058 -0.024 -0.287 2 1467 966
1059 -0.08 -0.26 3 1518 42 1585
1060 0.213 0.073 4 350 97 1515 578
1061 -0.163 0.073 3 1405 1297 1189
1062 -0.152 -0.164 4 819 641 1473 354
1063 0.285 -0.159 4 833 1279 73 1217
1064 0.293 -0.175 4 1474 54 1080 196
1065 0.243 0.028 2 913 277
1066 0.251 0.14 3 1162 609 842
1067 0.211 -0.119 4 1584 290 140 1600
1068 0.187 0.201 3 1436 523 825
1069 0.173 -0.153 4 1443 556 984 676
1070 -0.189 0.041 2 1488 1538
1071 -0.029 0.199 2 429 822
1072 -0.117 0.137 3 1011 544 830
1073 -0.093 0.18 4 861 1313 43 1457
1074 -0.045 0.209 2 314 1576
1075 0.203 -0.129 4 246 208 832 1187
1076 0.117 -0.297 2 11 1352
1077 -0.163 0.103 4 440 200 621 1234
1078 -0.152 -0.188 4 134 1319 301 53
1079 0.045 -0.201 3 834 1608 1531
1080 0.293 -0.172 4 54 1064 196 435
1081 0.251 0.135 3 653 896 1162
1082 -0.104 -0.239 4 840 672 72 792
1083 -0.16 -0.18 3 954 1179 142
1084 0.245 0.143 4 609 842 1489 848
1085 -0.128 -0.199 4 1368 1605 994 850
1086 -0.117 0.161 4 798 1321 1400 1634
1087 0.224 0.02 2 1206 853
1088 0.141 -0.276 2 1148 1392
1089 0.173 0.079 4 1369 1130 884 182
1090 0.208 -0.153 4 725 81 1107 1357
1091 -0.115 -0.231 4 857 1149 709 465
1092 0.227 -0.089 3 1188 858 176
1093 -0.155 0.119 3 1326 599 1527
1094 0.245 0.023 2 1338 913
1095 -0.088 0.167 4 297 862 601 803
1096 0.019 -0.284 2 335 1120
1097 -0.072 0.196 3 371 863 768
1098 0.077 -0.196 2 689 870
1099 0.067 0.132 4 212 688 1104 704
1100 -0.104 -0.22 4 865 1157 572 339
1101 0.056 0.1 4 867 1314 1360 1329
1102 0.168 -0.156 4 170 1587 1443 556
1103 -0.133 0.121 4 1027 1330 869 368
1104 0.064 0.135 4 1099 1637 704 946
1105 -0.136 -0.209 4 872 1160 1353 1333
1106 -0.139 -0.185 4 1349 1590 1039 1558
1107 0.208 -0.151 4 81 1090 1357 468
1108 -0.003 -0.127 2 1370 90
1109 0.048 0.135 4 1359 1341 714 244
1110 -0.083 0.185 3 583 1343 1564
1111 0.219 -0.14 4 351 1345 236 211
1112 0.224 0.06 4 1622 1299 1296 421
1113 0.285 -0.183 3 1566 1624 95
1114 0.155 -0.164 2 105 252
1115 -0.131 -0.217 4 881 458 1394 530
1116 0.243 -0.103 3 1180 1026 553
1117 0.013 0.228 2 270 660
1118 0.259 0.129 4 888 943 1503 579
1119 0.269 0.137 4 889 381 746 1351
1120 0.035 -0.284 2 1174 1096
1121 0.296 0.068 2 1366 903
1122 -0.053 0.188 4 1542 127 630 871
1123 0.045 0.129 3 1359 1341 23
1124 0.24 0.033 3 277 48 495
1125 -0.16 -0.151 3 1401 1135 899
1126 0.005 0.052 2 361 591
1127 0.016 0.215 2 1334 1594
1128 0.232 0.047 3 489 1207 1365
1129 0.216 -0.255 4 112 1525 1441 1197
1130 0.176 0.079 4 1369 78 1089 182
1131 0.251 0.156 4 1375 204 626 1035
1132 0.197 -0.135 4 1455 623 908 246
1133 -0.171 -0.159 4 1371 248 1511 194
1134 0.323 0.039 2 742 669
1135 -0.157 -0.151 3 1401 1125 899
1136 0.251 -0.228 4 1167 137 1154 152
1137 0.061 0.092 3 914 1532 1545
1138 0.256 -0.065 2 814 378
1139 0.2 0.057 4 201 797 1519 1378
1140 0.307 -0.148 3 635 918 502
1141 0.069 -0.153 2 1547 589
1142 0.272 -0.204 4 122 531 920 256
1143 -0.136 0.143 4 731 922 982 736
1144 -0.085 0.047 3 928 923 508
1145 0.019 0.047 3 365 499 515
1146 0.229 -0.079 2 787 1616
1147 0.179 -0.175 3 1158 699 1468
1148 0.144 -0.273 2 1088 877
1149 -0.112 -0.233 4 1384 516 857 1091
1150 0.277 -0.199 4 256 1192 931 267
1151 0.187 0.068 4 841 120 1559 932
1152 0.192 -0.255 3 1487 206 1002
1153 0.296 -0.14 2 622 1386
1154 0.251 -0.225 4 137 1136 152 1583
1155 0.315 0.057 2 420 427
1156 0.224 -0.231 4 286 585 29 272
1157 -0.101 -0.223 4 1388 273 865 1100
1158 0.176 -0.175 4 1569 158 1147 699
1159 0.235 -0.22 4 399 442 36 279
1160 -0.133 -0.212 4 1394 530 872 1105
1161 -0.008 0.223 2 1318 670
1162 0.251 0.137 4 1081 896 609 1066
1163 0.245 -0.231 4 145 449 1167 137
1164 -0.125 0.151 4 313 62 1399 1229
1165 -0.157 -0.156 3 1231 1001 1401
1166 0.195 0.063 4 1519 139 148 1403
1167 0.248 -0.231 4 449 1163 137 1136
1168 -0.099 -0.108 3 1418 221 958
1169 -0.184 0.012 2 1036 1625
1170 -0.133 -0.188 3 1411 1349 1590
1171 0.016 -0.116 4 1534 1412 1431 724
1172 0.216 0.036 4 950 487 1316 1415
1173 0.275 -0.175 4 414 762 384 224
1174 0.037 -0.287 2 1120 1389
1175 0.179 -0.148 4 676 951 1480 545
1176 -0.099 0.036 3 240 231 103
1177 -0.075 0.052 2 1546 972
1178 -0.021 0.06 2 446 754
1179 -0.157 -0.18 4 954 68 1083 142
1180 0.24 -0.105 3 1421 1026 1116
1181 0.197 0.196 3 1459 93 955
1182 -0.179 0.073 3 957 1422 223
1183 0.211 0.188 4 1277 1043 362 986
1184 -0.173 0.084 4 1398 758 1423 1568
1185 0.293 0.079 3 1425 1205 393
1186 0.221 0.18 3 1008 580 721
1187 0.205 -0.127 3 1075 832 294
1188 0.224 -0.092 3 1408 858 1092
1189 -0.16 0.076 3 1061 1297 254
1190 0.168 0.081 3 884 851 1615
1191 0.027 -0.105 4 1396 1433 1040 331
1192 0.275 -0.199 4 920 256 1150 931
1193 -0.013 -0.065 2 1588 740
1194 -0.0 -0.004 2 1274 595
1195 0.013 0.004 4 1610 965 115 1528
1196 0.211 -0.26 3 191 995 112
1197 0.219 -0.252 4 1129 1441 811 592
1198 0.013 -0.297 2 1553 935
1199 0.083 0.103 2 970 571
1200 0.133 0.223 2 1406 1259
1201 0.293 0.103 4 180 1644 293 287
1202 -0.088 -0.116 4 974 1595 961 718
1203 -0.168 0.06 2 439 1427
1204 0.248 -0.207 4 1287 793 380 394
1205 0.291 0.079 4 1425 1185 320 393
1206 0.227 0.017 2 980 1087
1207 0.235 0.047 4 489 1501 1128 1365
1208 0.189 0.185 4 1003 839 1437 608
1209 0.192 0.201 3 490 93 1436
1210 0.256 -0.22 4 1583 220 649 837
1211 0.211 -0.241 4 939 799 1540 1307
1212 -0.072 -0.124 2 374 359
1213 0.056 -0.172 3 836 715 469
1214 -0.083 -0.241 3 1042 1046 1453
1215 -0.173 0.047 2 682 447
1216 0.08 -0.3 3 432 683 813
1217 0.288 -0.156 3 1063 73 990
1218 0.051 -0.209 3 1300 195 1456
1219 0.299 -0.164 4 1373 1458 289 807
1220 -0.187 -0.065 2 56 703
1221 0.168 -0.177 3 947 291 1049
1222 0.139 0.207 2 1623 701
1223 0.309 0.036 2 864 650
1224 -0.125 -0.22 4 993 1290 881 458
1225 0.205 0.191 3 362 985 1466
1226 0.192 -0.167 3 1409 998 249
1227 0.051 0.111 4 298 436 726 1469
1228 0.211 0.041 3 1316 366 1471
1229 -0.123 0.153 4 1164 1399 999 1256
1230 -0.112 0.167 4 1634 1472 739 1038
1231 -0.155 -0.159 4 1473 354 1165 1001
1232 0.291 -0.18 3 1624 95 1474
1233 0.312 -0.137 2 734 1476
1234 -0.16 0.105 3 1077 621 1007
1235 0.227 -0.247 4 1504 522 963 1302
1236 -0.179 -0.103 2 401 307
1237 0.315 -0.081 2 275 309
1238 -0.059 -0.271 4 92 232 347 215
1239 0.235 0.169 3 524 357 1044
1240 0.243 0.167 4 1009 829 392 1304
1241 -0.072 -0.001 2 1380 702
1242 0.323 -0.108 2 1490 63
1243 -0.059 0.201 4 638 629 114 364
1244 0.115 -0.281 2 1617 555
1245 -0.123 0.135 4 2 1482 1011 544
1246 0.28 -0.169 4 224 1635 644 1312
1247 -0.099 0.177 4 74 1015 861 1313
1248 0.061 -0.164 4 227 1016 756 554
1249 0.28 -0.193 4 931 267 722 1298
1250 0.184 0.188 4 839 0 608 981
1251 0.28 0.127 3 179 471 228
1252 0.163 -0.284 2 846 1295
1253 -0.064 0.183 4 1317 1550 614 847
1254 0.181 0.1 4 540 133 1268 1505
1255 0.168 0.196 2 485 1390
1256 -0.12 0.156 4 1229 999 798 1321
1257 0.325 -0.089 2 678 564
1258 -0.181 0.065 2 887 330
1259 0.139 0.223 2 700 1200
1260 0.213 0.172 3 1496 783 968
1261 -0.008 0.057 2 1328 446
1262 0.189 -0.271 4 250 7 1372 434
1263 0.072 -0.199 3 473 230 870
1264 0.027 0.015 4 310 1500 1031 1627
1265 0.173 0.196 3 1032 451 485
1266 0.229 -0.228 4 29 272 199 303
1267 0.013 -0.073 4 924 24 679 741
1268 0.179 0.1 4 540 1254 647 1505
1269 0.24 -0.217 4 36 279 916 31
1270 -0.141 -0.18 4 1039 1558 37 566
1271 0.208 0.175 4 1508 968 1452 39
1272 -0.109 -0.215 4 989 339 493 260
1273 -0.2 -0.001 2 933 761
1274 0.003 -0.001 2 1194 1309
1275 0.109 -0.175 2 513 166
1276 -0.027 0.215 2 767 1367
1277 0.213 0.185 3 184 1183 1043
1278 0.085 0.087 3 743 988 353
1279 0.285 -0.161 3 1477 833 1063
1280 0.245 -0.095 2 1513 991
1281 -0.101 0.031 2 240 1332
1282 0.301 -0.156 3 1048 38 257
1283 -0.032 -0.268 2 925 1005
1284 0.027 0.039 3 1516 1030 25
1285 0.085 -0.177 3 1462 45 513
1286 0.155 0.113 2 343 428
1287 0.245 -0.209 4 274 577 793 1204
1288 -0.187 0.049 2 1538 812
1289 0.307 0.044 2 1447 864
1290 -0.123 -0.223 4 1520 402 993 1224
1291 0.24 -0.236 4 18 1021 1557 145
1292 -0.141 -0.204 4 1353 163 20 1524
1293 0.155 0.201 2 749 1485
1294 -0.12 -0.204 4 98 1354 258 22
1295 0.157 -0.284 2 496 1252
1296 0.221 0.063 4 1112 421 1578 1530
1297 -0.163 0.076 3 1061 1189 254
1298 0.283 -0.191 4 1249 722 1379 1363
1299 0.227 0.06 3 1622 1112 421
1300 0.053 -0.209 3 1218 1456 1358
1301 -0.176 -0.151 3 102 1544 534
1302 0.229 -0.244 4 1235 963 658 1589
1303 -0.008 -0.292 2 1402 780
1304 0.24 0.169 3 392 1240 524
1305 0.259 -0.199 4 367 777 1535 900
1306 -0.091 0.007 4 1572 160 1446 1320
1307 0.213 -0.239 4 1211 1540 666 646
1308 0.147 0.095 2 771 159
1309 0.005 -0.001 2 1274 411
1310 -0.088 -0.252 4 570 681 533 299
1311 -0.155 0.113 3 67 316 1326
1312 0.283 -0.167 3 1246 644 1477
1313 -0.096 0.18 3 1247 861 1073
1314 0.059 0.097 3 1545 867 1101
1315 0.003 0.209 2 51 1607
1316 0.213 0.039 4 1172 1415 1228 366
1317 -0.067 0.18 4 779 795 1550 1253
1318 -0.011 0.22 2 1161 625
1319 -0.149 -0.191 4 1552 696 134 1078
1320 -0.091 0.009 4 1306 160 1446 30
1321 -0.117 0.159 4 1256 798 1086 1400
1322 -0.107 0.151 4 282 1556 774 1014
1323 -0.152 0.092 3 147 1560 618
1324 -0.149 0.1 4 854 619 193 430
1325 0.227 -0.129 4 747 584 1355 84
1326 -0.155 0.116 4 316 1311 1093 599
1327 -0.096 0.161 4 1041 1562 415 665
1328 -0.005 0.055 2 1261 591
1329 0.056 0.103 3 1101 1360 686
1330 -0.133 0.119 3 794 1027 1103
1331 -0.056 -0.257 3 462 325 1570
1332 -0.101 0.02 2 19 1281
1333 -0.136 -0.207 3 1105 1353 163
1334 0.013 0.212 2 1127 51
1335 0.208 0.079 4 1573 578 1502 91
1336 0.317 -0.065 2 309 285
1337 -0.149 0.124 4 1527 1575 404 1450
1338 0.248 0.02 2 1094 876
1339 0.219 0.068 4 1578 1530 1509 97
1340 0.331 -0.049 1 1596
1341 0.048 0.132 4 1123 1359 1109 714
1342 -0.139 0.113 4 1 241 150 794
1343 -0.083 0.188 4 583 1110 1564 308
1344 -0.181 -0.137 2 953 408
1345 0.219 -0.143 3 624 351 1111
1346 0.184 -0.257 4 1506 828 472 229
1347 0.125 -0.279 2 555 1522
1348 -0.064 -0.268 4 232 1465 215 47
1349 -0.136 -0.188 4 1411 1170 1106 1590
1350 -0.173 -0.116 2 873 173
1351 0.269 0.14 3 1119 746 476
1352 0.101 -0.297 2 813 1076
1353 -0.139 -0.207 4 1105 1333 1292 163
1354 -0.117 -0.207 4 1593 192 98 1294
1355 0.229 -0.129 3 584 1325 84
1356 -0.189 -0.111 2 164 894
1357 0.211 -0.151 4 1090 1107 468 264
1358 0.061 -0.209 3 587 356 1300
1359 0.045 0.132 3 1123 1341 1109
1360 0.053 0.103 3 1101 1329 686
1361 0.205 0.052 4 542 1539 654 797
1362 0.051 -0.3 3 178 1598 1463
1363 0.285 -0.188 3 1298 1379 1566
1364 -0.131 -0.193 4 994 850 1646 1411
1365 0.232 0.049 4 1128 1207 292 662
1366 0.299 0.065 2 1121 1393
1367 -0.032 0.215 2 1577 1276
1368 -0.125 -0.201 4 258 22 1085 1605
1369 0.176 0.076 3 78 1089 1130
1370 -0.0 -0.124 2 1108 334
1371 -0.171 -0.161 3 265 248 1133
1372 0.192 -0.271 3 1262 434 973
1373 0.296 -0.167 3 435 1458 1219
1374 0.2 -0.247 3 586 185 251
1375 0.253 0.153 4 936 327 1131 204
1376 0.021 0.007 3 387 438 59
1377 -0.005 -0.276 2 748 205
1378 0.2 0.06 3 1139 1519 139
1379 0.283 -0.188 4 722 1298 1363 1566
1380 -0.069 -0.004 2 1241 960
1381 -0.021 -0.271 2 753 21
1382 -0.096 -0.084 4 1597 177 448 340
1383 0.195 0.089 4 155 1567 892 484
1384 -0.112 -0.236 3 516 857 1149
1385 -0.197 0.017 2 944 933
1386 0.296 -0.137 2 1153 498
1387 0.227 0.055 3 292 46 1622
1388 -0.101 -0.225 4 732 273 865 1157
1389 0.096 -0.287 2 596 1174
1390 0.165 0.199 2 1255 976
1391 0.275 0.132 4 461 228 628 381
1392 0.136 -0.276 2 1522 1088
1393 0.299 0.06 2 507 1366
1394 -0.133 -0.215 4 1115 530 872 1160
1395 0.019 -0.079 4 612 370 924 698
1396 0.024 -0.108 3 926 1433 1191
1397 0.176 0.209 3 1631 510 557
1398 -0.176 0.081 3 1633 758 1184
1399 -0.125 0.153 4 62 1164 1229 999
1400 -0.115 0.161 4 1321 1086 1634 1472
1401 -0.157 -0.153 4 1165 1001 1125 1135
1402 -0.011 -0.289 2 1303 1491
1403 0.195 0.065 3 1166 139 148
1404 0.011 -0.119 3 437 956 1534
1405 -0.165 0.071 2 1638 1061
1406 0.131 0.225 2 1200 154
1407 0.083 -0.159 3 558 171 707
1408 0.224 -0.095 4 214 1643 1188 858
1409 0.189 -0.167 4 885 639 1226 998
1410 0.232 0.153 4 107 826 1025 475
1411 -0.133 -0.191 4 1646 1364 1349 1170
1412 0.016 -0.119 3 1534 1171 1431
1413 -0.08 -0.071 3 611 844 945
1414 0.315 0.012 2 445 708
1415 0.216 0.039 3 1172 1316 366
1416 0.285 0.087 3 149 1561 710
1417 -0.147 0.129 4 404 1450 217 1629
1418 -0.096 -0.111 4 136 377 1168 221
1419 -0.125 0.129 4 561 328 2 1482
1420 0.219 -0.236 4 666 646 470 286
1421 0.24 -0.108 4 912 306 1180 1026
1422 -0.179 0.076 3 1182 223 1633
1423 -0.173 0.087 3 1184 1568 637
1424 -0.104 0.169 3 801 8 321
1425 0.293 0.076 3 9 1205 1185
1426 0.264 0.124 3 1641 396 943
1427 -0.168 0.065 2 1638 1203
1428 0.101 -0.199 2 541 689
1429 0.299 0.097 3 17 782 180
1430 -0.131 0.127 4 869 368 561 328
1431 0.019 -0.116 4 1412 1171 724 1052
1432 0.072 -0.3 1 562
1433 0.027 -0.108 4 926 1396 1191 1040
1434 0.173 0.105 3 1449 647 607
1435 0.181 0.204 3 523 510 488
1436 0.189 0.201 4 490 1068 1209 825
1437 0.192 0.185 3 1003 65 1208
1438 -0.099 0.015 3 1451 506 19
1439 -0.144 -0.199 4 20 1524 1604 190
1440 -0.077 -0.241 3 491 546 1042
1441 0.219 -0.255 3 1129 1197 811
1442 0.216 0.167 3 791 1496 783
1443 0.171 -0.156 3 1102 556 1069
1444 0.288 -0.151 3 990 549 790
1445 0.235 -0.007 2 131 643
1446 -0.093 0.009 4 1306 1320 1451 30
1447 0.304 0.047 2 1289 977
1448 0.027 -0.084 4 33 1554 235 478
1449 0.173 0.103 3 647 607 1434
1450 -0.147 0.127 4 1337 404 1417 217
1451 -0.096 0.012 4 1446 30 1438 506
1452 0.205 0.175 4 1508 1271 52 39
1453 -0.083 -0.239 4 1214 1042 1046 667
1454 0.077 0.081 3 805 1461 141
1455 0.195 -0.137 4 172 64 623 1132
1456 0.051 -0.207 4 1218 1300 195 1608
1457 -0.091 0.183 4 1073 43 806 88
1458 0.299 -0.167 3 435 1373 1219
1459 0.2 0.196 4 985 1181 41 955
1460 0.155 0.089 2 186 373
1461 0.08 0.084 4 1454 805 743 988
1462 0.083 -0.177 2 1285 45
1463 0.032 -0.3 2 935 1362
1464 -0.077 0.172 3 324 750 827
1465 -0.067 -0.268 3 1348 705 47
1466 0.205 0.193 4 1225 362 985 41
1467 -0.027 -0.284 2 1058 1499
1468 0.181 -0.172 4 1147 699 344 575
1469 0.051 0.113 3 1227 726 480
1470 0.291 0.108 4 293 287 588 765
1471 0.211 0.044 4 1228 366 126 757
1472 -0.112 0.164 4 1400 1634 1230 739
1473 -0.155 -0.161 3 1062 354 1231
1474 0.291 -0.177 4 95 1232 54 1064
1475 0.051 -0.188 3 425 183 55
1476 0.312 -0.135 2 1233 77
1477 0.283 -0.164 4 644 1312 833 1279
1478 -0.027 -0.007 2 501 237
1479 -0.077 0.191 4 1564 308 613 371
1480 0.181 -0.148 4 951 1175 545 559
1481 -0.048 0.191 4 630 871 620 855
1482 -0.123 0.132 4 1419 2 1245 1011
1483 0.075 0.124 3 642 44 96
1484 -0.112 0.145 4 242 482 1000 282
1485 0.152 0.204 2 1293 288
1486 0.2 0.18 4 302 52 454 209
1487 0.189 -0.255 4 472 229 1152 206
1488 -0.192 0.039 2 1070 1017
1489 0.243 0.145 4 1084 848 410 529
1490 0.32 -0.111 2 1242 733
1491 -0.016 -0.289 2 966 1402
1492 -0.157 0.084 4 14 113 82 388
1493 0.235 -0.121 3 760 1630 568
1494 -0.099 0.156 4 835 602 1041 1562
1495 0.149 -0.188 2 880 135
1496 0.213 0.169 4 1442 783 968 1260
1497 -0.165 -0.167 3 85 26 265
1498 0.197 -0.265 3 973 87 868
1499 -0.032 -0.284 2 271 1467
1500 0.027 0.012 3 59 310 1264
1501 0.237 0.044 3 15 489 1207
1502 0.205 0.079 4 1573 1335 479 91
1503 0.256 0.129 4 888 1118 653 579
1504 0.224 -0.249 4 811 592 522 1235
1505 0.179 0.103 3 1268 1254 647
1506 0.181 -0.26 3 505 828 1346
1507 0.304 0.084 4 1647 369 75 537
1508 0.208 0.172 3 968 1452 1271
1509 0.216 0.068 4 1578 1339 350 97
1510 0.029 -0.089 3 33 1554 331
1511 -0.173 -0.156 3 1133 194 102
1512 0.237 0.151 4 410 107 168 826
1513 0.245 -0.097 2 553 1280
1514 0.163 -0.159 4 778 538 170 1587
1515 0.211 0.073 4 350 1060 1573 578
1516 0.027 0.036 3 202 1030 1284
1517 -0.163 -0.145 2 899 106
1518 -0.077 -0.26 4 1012 1059 772 1585
1519 0.197 0.06 4 1139 1378 1166 139
1520 -0.123 -0.225 4 875 402 993 1290
1521 0.131 0.121 2 1591 823
1522 0.133 -0.279 2 1392 1347
1523 0.197 -0.161 4 249 582 94 901
1524 -0.141 -0.201 4 1292 163 20 1439
1525 0.213 -0.255 3 995 112 1129
1526 0.277 0.103 4 225 648 600 598
1527 -0.152 0.121 4 1093 599 1575 1337
1528 0.016 0.007 3 1195 115 387
1529 -0.067 -0.065 2 352 712
1530 0.221 0.065 4 1296 421 1578 1339
1531 0.045 -0.193 2 425 1079
1532 0.059 0.092 3 914 1137 1545
1533 0.312 0.065 2 427 118
1534 0.013 -0.119 4 956 1404 1412 1171
1535 0.259 -0.196 4 777 1305 900 659
1536 0.269 -0.209 3 959 6 122
1537 -0.067 0.196 3 768 123 1033
1538 -0.189 0.047 2 1288 1070
1539 0.208 0.049 4 126 757 542 1361
1540 0.213 -0.241 3 1211 1307 666
1541 -0.117 0.143 3 830 242 482
1542 -0.056 0.185 3 511 127 1122
1543 -0.037 0.212 2 1576 1577
1544 -0.173 -0.151 3 102 1301 534
1545 0.059 0.095 4 1532 1137 867 1314
1546 -0.072 0.055 2 1177 1053
1547 0.067 -0.156 3 323 1028 1141
1548 0.261 0.148 4 838 210 413 789
1549 -0.072 -0.247 4 674 784 693 546
1550 -0.067 0.183 3 795 1317 1253
1551 -0.16 -0.175 3 142 12 89
1552 -0.149 -0.193 4 190 696 134 1319
1553 0.011 -0.295 2 1198 886
1554 0.029 -0.087 3 1510 33 1448
1555 0.224 0.025 3 853 581 815
1556 -0.107 0.148 3 282 1322 774
1557 0.243 -0.236 4 1021 1291 145 449
1558 -0.139 -0.183 4 1106 1590 1039 1270
1559 0.184 0.071 4 1151 932 528 146
1560 -0.155 0.092 3 147 1323 618
1561 0.288 0.087 3 149 1416 710
1562 -0.096 0.159 4 1494 1041 1327 415
1563 0.123 -0.196 2 716 541
1564 -0.08 0.188 4 1110 1343 308 1479
1565 0.267 -0.188 4 910 181 138 895
1566 0.285 -0.185 4 1379 1363 1113 1624
1567 0.197 0.089 4 155 16 1383 484
1568 -0.171 0.087 3 1184 1423 637
1569 0.173 -0.177 3 1049 158 1158
1570 -0.056 -0.255 3 1331 462 325
1571 -0.149 -0.169 4 948 720 819 641
1572 -0.088 0.004 3 751 1306 160
1573 0.208 0.076 4 1515 578 1502 1335
1574 0.176 -0.276 2 1037 35
1575 -0.149 0.121 3 599 1527 1337
1576 -0.04 0.209 2 1543 1074
1577 -0.035 0.212 2 1543 1367
1578 0.219 0.065 4 1296 1530 1509 1339
1579 -0.021 0.204 2 804 911
1580 0.328 -0.073 2 1596 678
1581 -0.083 0.169 4 601 803 165 324
1582 -0.072 0.177 4 827 594 779 795
1583 0.253 -0.223 4 1154 152 220 1210
1584 0.208 -0.121 4 294 10 290 1067
1585 -0.08 -0.257 4 1059 1518 42 284
1586 0.067 -0.204 4 356 1599 169 473
1587 0.165 -0.156 3 1514 170 1102
1588 -0.016 -0.063 2 1193 355
1589 0.232 -0.241 4 1302 658 921 677
1590 -0.136 -0.185 4 1349 1170 1106 1558
1591 0.133 0.119 2 1521 144
1592 -0.08 0.001 3 702 543 781
1593 -0.117 -0.209 4 1606 192 98 1354
1594 0.032 0.215 2 536 1127
1595 -0.085 -0.119 4 897 974 883 1202
1596 0.331 -0.071 2 1580 1340
1597 -0.099 -0.087 3 927 177 1382
1598 0.053 -0.297 4 1362 178 58 305
1599 0.067 -0.207 3 587 356 1586
1600 0.213 -0.116 3 1067 140 671
1601 0.248 0.161 4 626 1035 110 829
1602 -0.184 0.057 2 812 887
1603 0.331 0.001 2 551 1632
1604 -0.147 -0.199 3 20 1439 190
1605 -0.125 -0.199 4 1368 22 1085 850
1606 -0.115 -0.212 4 493 260 1593 192
1607 -0.005 0.209 2 376 1315
1608 0.048 -0.204 4 195 1456 834 1079
1609 0.061 0.087 3 967 752 914
1610 0.011 0.001 3 411 965 1195
1611 -0.171 0.052 2 447 439
1612 0.203 -0.263 4 868 917 615 849
1613 -0.176 0.036 2 808 682
1614 -0.144 0.108 4 941 203 728 1
1615 0.168 0.084 4 1190 884 851 616
1616 0.229 -0.084 2 176 1146
1617 0.112 -0.284 2 1244 596
1618 0.317 0.049 2 684 420
1619 -0.195 0.031 2 1017 944
1620 0.283 0.095 4 153 691 405 198
1621 0.264 0.143 4 746 476 838 210
1622 0.227 0.057 4 1387 46 1112 1299
1623 0.136 0.209 2 1222 3
1624 0.288 -0.183 4 1566 1113 95 1232
1625 -0.184 -0.001 2 703 1169
1626 -0.168 0.095 4 398 1642 213 690
1627 0.029 0.017 3 1264 1031 675
1628 -0.093 0.041 4 103 104 216 372
1629 -0.144 0.132 4 1417 217 769 1010
1630 0.232 -0.121 4 891 760 1493 568
1631 0.176 0.207 3 510 557 1397
1632 0.331 -0.02 1 1603
1633 -0.176 0.079 4 1422 223 1398 758
1634 -0.115 0.164 4 1086 1400 1472 1230
1635 0.277 -0.169 3 224 1246 644
1636 -0.045 -0.279 3 268 634 226
1637 0.061 0.135 3 1104 407 946
1638 -0.165 0.068 2 1427 1405
1639 0.133 -0.172 2 1645 969
1640 0.149 0.22 2 269 700
1641 0.264 0.121 3 486 396 1426
1642 -0.168 0.092 3 637 398 1626
1643 0.224 -0.097 3 694 214 1408
1644 0.296 0.103 3 180 1201 287
1645 0.136 -0.169 2 1639 831
1646 -0.133 -0.193 3 994 1364 1411
1647 0.304 0.081 3 121 369 1507
