0 -0.019 0.168 3 879 533 531
1 -0.032 0.072 3 782 382 392
2 0.067 0.083 2 159 501
3 0.12 0.013 4 398 163 420 536
4 -0.067 0.125 3 48 725 537
5 0.075 -0.096 4 50 249 269 164
6 0.107 -0.115 3 46 710 546
7 -0.123 0.235 3 792 395 402
8 -0.005 0.019 4 541 598 218 764
9 0.029 -0.027 4 571 33 647 321
10 -0.139 0.261 5 544 199 242 496 694
11 -0.181 0.264 3 499 255 429
12 0.093 -0.109 3 804 895 220
13 -0.171 0.256 1 697
14 -0.096 0.296 3 516 37 575
15 -0.056 0.115 3 698 303 489
16 0.069 -0.013 3 572 758 613
17 -0.08 0.211 3 551 646 411
18 0.099 -0.024 4 335 731 401 552
19 0.051 -0.056 3 700 912 369
20 0.088 -0.104 3 86 895 355
21 -0.048 0.096 3 55 595 348
22 0.083 -0.037 3 315 127 605
23 0.099 0.035 4 634 263 85 394
24 0.045 0.12 3 781 682 558
25 0.157 -0.149 3 729 338 47
26 0.08 -0.029 4 412 225 492 416
27 0.088 -0.043 4 419 29 315 925
28 -0.059 0.213 3 562 790 685
29 0.091 -0.045 3 564 419 27
30 0.059 0.101 4 565 642 453 381
31 -0.037 0.085 3 567 739 709
32 0.139 -0.128 4 568 505 752 135
33 0.032 -0.027 4 571 298 9 321
34 0.088 -0.003 4 741 296 735 560
35 -0.019 0.224 3 427 39 216
36 0.035 0.141 4 454 918 706 573
37 -0.093 0.296 2 14 575
38 0.115 -0.12 4 717 345 117 289
39 -0.016 0.221 3 578 427 35
40 -0.123 0.301 3 176 579 650
41 0.069 0.069 3 283 836 780
42 0.112 -0.043 3 784 540 434
43 -0.043 0.205 4 480 506 873 472
44 0.123 -0.051 4 88 584 693 436
45 -0.099 0.253 2 475 470
46 0.109 -0.115 4 289 6 878 546
47 0.157 -0.147 3 25 338 819
48 -0.064 0.123 4 658 250 4 725
49 -0.107 0.192 4 588 122 431 692
50 0.077 -0.099 4 190 593 5 249
51 0.115 -0.088 3 227 767 591
52 0.093 -0.053 4 722 183 168 132
53 0.069 -0.091 3 269 822 447
54 -0.061 0.203 3 188 592 228
55 -0.045 0.093 4 679 417 21 595
56 0.128 -0.147 2 342 449
57 0.083 -0.104 3 355 190 597
58 -0.133 0.224 4 260 811 280 174
59 0.043 0.011 1 155
60 -0.037 0.168 4 599 857 406 452
61 -0.035 0.077 4 392 712 169 600
62 0.003 0.192 4 606 67 899 561
63 -0.131 0.248 4 197 684 203 602
64 0.029 0.061 2 125 604
65 0.099 -0.059 4 455 655 527 722
66 -0.16 0.275 4 917 230 456 849
67 0.005 0.192 3 606 62 561
68 0.056 0.077 3 889 149 82
69 -0.136 0.253 3 203 611 608
70 -0.085 0.157 4 716 318 433 461
71 -0.123 0.213 4 609 644 853 566
72 -0.117 0.256 4 610 622 865 172
73 -0.024 0.179 4 484 286 201 497
74 -0.125 0.269 4 84 906 923 614
75 0.045 -0.048 4 478 258 435 182
76 0.037 0.133 3 156 701 523
77 0.152 -0.165 3 616 519 215
78 0.141 -0.133 4 137 534 568 505
79 0.147 -0.165 3 807 469 616
80 -0.152 0.243 3 762 649 405
81 0.016 0.173 4 284 513 904 375
82 0.061 0.077 3 596 159 68
83 -0.115 0.251 4 471 368 610 622
84 -0.123 0.267 4 623 714 74 906
85 0.096 0.035 4 634 23 827 394
86 0.088 -0.107 3 895 355 20
87 -0.013 0.216 4 189 229 180 578
88 0.125 -0.053 4 808 627 44 584
89 0.157 -0.16 4 215 253 905 751
90 0.147 -0.139 4 645 510 314 137
91 -0.131 0.277 3 675 126 823
92 -0.027 0.195 2 340 603
93 0.04 0.024 3 450 518 832
94 0.085 0.053 1 668
95 0.136 -0.168 3 351 786 640
96 -0.128 0.296 4 818 121 574 176
97 0.077 -0.024 4 492 416 772 643
98 -0.077 0.205 4 202 615 551 646
99 -0.0 0.2 3 354 581 292
100 0.051 0.115 4 788 719 781 141
101 0.067 0.091 3 464 204 659
102 0.141 -0.096 4 231 738 481 580
103 -0.027 0.227 3 760 207 587
104 -0.077 0.147 4 794 538 803 252
105 -0.139 0.291 4 893 563 130 680
106 0.067 -0.0 4 759 843 482 671
107 -0.125 0.24 4 402 798 746 654
108 0.101 0.069 4 728 333 721 509
109 -0.115 0.227 4 927 295 835 282
110 -0.0 -0.0 4 384 824 365 797
111 0.059 -0.069 3 863 366 322
112 0.123 -0.133 3 547 259 809
113 -0.045 0.224 4 652 211 585 838
114 0.125 -0.085 4 629 317 884 633
115 -0.096 0.309 3 665 319 662
116 0.131 -0.16 2 200 342
117 0.112 -0.12 3 717 38 289
118 -0.008 0.211 4 521 265 776 229
119 -0.128 0.219 4 566 129 260 812
120 -0.053 0.107 4 672 479 151 233
121 -0.131 0.296 3 421 818 96
122 -0.104 0.189 3 526 588 49
123 0.013 -0.021 3 254 352 372
124 0.048 0.053 4 302 852 651 167
125 0.027 0.061 2 744 64
126 -0.128 0.277 3 675 91 823
127 0.085 -0.037 4 315 925 22 605
128 0.101 -0.109 2 710 804
129 -0.125 0.219 3 566 119 812
130 -0.136 0.291 3 105 680 421
131 -0.024 0.064 4 530 891 268 307
132 0.093 -0.051 4 52 183 168 564
133 -0.117 0.208 3 681 385 644
134 0.032 0.029 4 403 666 344 860
135 0.139 -0.125 3 32 752 422
136 -0.173 0.248 4 243 407 648 687
137 0.144 -0.136 4 314 90 78 534
138 0.029 0.035 3 344 860 689
139 0.072 -0.019 3 772 883 572
140 0.091 0.043 2 845 400
141 0.051 0.117 3 100 781 682
142 -0.075 0.141 4 586 393 794 538
143 0.109 -0.037 4 540 434 691 749
144 0.131 -0.08 3 633 657 715
145 0.128 -0.003 3 256 161 488
146 -0.165 0.245 3 858 301 542
147 0.077 0.067 1 765
148 0.005 -0.003 4 508 768 384 824
149 0.053 0.077 3 862 889 68
150 -0.013 0.045 2 487 349
151 -0.056 0.109 3 120 233 698
152 0.064 -0.083 3 444 386 550
153 -0.008 0.144 3 553 446 699
154 0.051 -0.061 3 304 413 700
155 0.043 0.019 2 450 59
156 0.04 0.131 4 491 237 76 701
157 0.035 0.067 4 604 556 241 272
158 -0.091 0.232 2 440 674
159 0.064 0.08 4 82 596 501 2
160 0.096 0.075 3 721 327 198
161 0.131 -0.003 3 256 145 488
162 0.045 0.125 3 558 618 491
163 0.123 0.011 3 669 398 3
164 0.075 -0.093 4 5 249 269 822
165 -0.019 0.051 3 487 890 708
166 -0.059 0.208 3 228 775 562
167 0.051 0.056 4 124 651 583 817
168 0.091 -0.051 3 52 132 564
169 -0.037 0.08 3 61 600 567
170 0.093 -0.011 3 569 428 723
171 -0.008 0.139 4 320 750 553 446
172 -0.117 0.259 3 72 865 459
173 0.123 0.005 3 507 559 669
174 -0.133 0.227 4 58 811 280 833
175 -0.083 0.152 3 252 661 716
176 -0.125 0.299 4 96 574 579 40
177 -0.093 0.301 2 575 916
178 0.056 -0.005 3 308 690 244
179 -0.115 0.307 3 359 577 720
180 -0.016 0.216 3 189 87 578
181 0.112 0.051 4 636 670 632 695
182 0.043 -0.045 4 435 75 757 582
183 0.096 -0.053 3 722 52 132
184 0.149 -0.08 2 278 337
185 0.019 -0.024 2 352 647
186 0.069 0.005 3 482 671 678
187 0.147 -0.088 3 376 297 727
188 -0.064 0.2 4 279 445 592 54
189 -0.013 0.213 4 776 229 180 87
190 0.08 -0.101 4 57 597 50 593
191 0.128 -0.141 3 449 380 919
192 0.021 0.045 3 309 277 830
193 0.043 0.051 2 302 852
194 0.139 -0.019 3 240 926 329
195 -0.021 0.059 4 740 460 530 891
196 0.083 0.003 4 560 458 343 528
197 -0.128 0.245 4 746 654 63 684
198 0.096 0.077 3 160 327 262
199 -0.136 0.259 3 608 544 10
200 0.133 -0.163 3 786 640 116
201 -0.027 0.181 3 73 497 742
202 -0.077 0.203 3 206 615 98
203 -0.133 0.251 4 63 602 69 611
204 0.064 0.093 4 464 101 356 902
205 0.037 -0.037 4 753 270 396 886
206 -0.075 0.2 4 465 483 202 615
207 -0.029 0.227 2 103 799
208 0.117 -0.043 3 364 290 784
209 -0.085 0.221 4 467 871 800 617
210 0.053 0.107 3 381 236 324
211 -0.048 0.224 4 432 652 113 585
212 -0.069 0.136 3 761 791 393
213 0.107 -0.077 3 874 473 621
214 0.133 -0.101 4 522 414 485 267
215 0.155 -0.163 4 77 519 253 89
216 -0.021 0.224 4 427 760 35 587
217 0.005 0.131 3 763 696 928
218 -0.008 0.019 4 541 8 323 764
219 0.019 0.165 3 377 774 855
220 0.093 -0.107 3 12 804 895
221 -0.048 0.197 3 625 882 726
222 0.112 -0.083 4 767 591 874 626
223 0.008 -0.008 3 508 768 730
224 -0.045 0.189 2 913 726
225 0.083 -0.032 3 605 412 26
226 -0.032 0.16 4 773 841 415 306
227 0.117 -0.088 3 51 591 629
228 -0.061 0.205 4 592 54 775 166
229 -0.011 0.213 4 776 118 189 87
230 -0.163 0.275 4 367 917 66 456
231 0.139 -0.099 4 485 267 738 102
232 0.091 0.088 4 673 924 659 711
233 -0.053 0.109 3 120 151 698
234 0.04 0.077 1 707
235 -0.131 0.272 3 389 923 675
236 0.056 0.107 3 381 210 324
237 0.043 0.131 3 491 156 701
238 0.045 0.072 5 409 641 766 785 439
239 -0.144 0.264 5 242 281 496 834 676
240 0.139 -0.021 2 850 194
241 0.037 0.067 4 556 157 272 859
242 -0.141 0.261 5 544 10 239 496 694
243 -0.176 0.248 4 136 539 648 687
244 0.053 -0.005 3 308 690 178
245 -0.149 0.237 3 503 762 649
246 -0.173 0.267 4 391 789 287 771
247 0.096 -0.016 3 796 313 569
248 -0.003 0.139 4 430 557 750 446
249 0.077 -0.096 4 50 593 5 164
250 -0.061 0.123 3 658 48 725
251 -0.043 0.179 3 914 517 660
252 -0.08 0.149 4 803 104 175 661
253 0.157 -0.163 3 215 89 905
254 0.011 -0.021 2 123 372
255 -0.181 0.261 4 805 499 11 429
256 0.131 -0.005 4 663 724 145 161
257 -0.101 0.261 2 470 814
258 0.048 -0.051 3 369 478 75
259 0.12 -0.133 3 547 112 809
260 -0.131 0.221 4 119 812 58 811
261 -0.168 0.272 3 771 667 367
262 0.096 0.083 3 673 777 198
263 0.101 0.032 3 892 634 23
264 0.061 -0.077 4 550 300 624 637
265 -0.005 0.208 3 816 521 118
266 0.115 0.027 3 524 305 779
267 0.136 -0.099 4 214 485 231 738
268 -0.027 0.064 3 530 131 307
269 0.072 -0.093 4 5 164 53 822
270 0.04 -0.04 4 757 582 753 205
271 -0.128 0.283 1 823
272 0.037 0.069 3 157 241 859
273 -0.093 0.171 4 677 868 922 826
274 -0.144 0.288 4 866 462 893 563
275 -0.043 0.088 3 739 709 679
276 -0.027 0.155 3 829 529 841
277 0.024 0.045 4 309 894 192 830
278 0.147 -0.083 2 727 184
279 -0.067 0.197 4 686 831 445 188
280 -0.136 0.227 4 58 174 870 833
281 -0.147 0.264 3 239 834 676
282 -0.117 0.229 4 835 109 532 792
283 0.072 0.067 3 41 836 765
284 0.016 0.171 4 855 513 904 81
285 -0.013 0.133 2 576 320
286 -0.021 0.176 4 840 498 484 73
287 -0.173 0.269 3 789 246 771
288 -0.109 0.197 3 692 476 876
289 0.112 -0.117 4 117 38 46 878
290 0.12 -0.045 4 693 436 364 208
291 0.147 -0.053 2 424 656
292 -0.003 0.203 4 581 99 778 816
293 -0.099 0.288 2 814 516
294 0.003 0.136 3 696 928 557
295 -0.115 0.224 3 927 835 109
296 0.091 -0.005 3 723 741 34
297 0.144 -0.088 3 376 187 727
298 0.035 -0.029 3 869 571 33
299 0.011 0.179 3 375 915 810
300 0.064 -0.077 3 550 264 637
301 -0.168 0.248 3 146 407 542
302 0.045 0.051 3 193 852 124
303 -0.059 0.115 4 698 15 477 489
304 0.053 -0.064 4 322 514 154 413
305 0.117 0.029 3 266 524 703
306 -0.035 0.163 4 415 226 599 857
307 -0.027 0.067 4 268 131 782 705
308 0.053 -0.008 5 341 628 690 244 178
309 0.024 0.043 4 490 894 192 277
310 0.027 0.155 4 745 511 846 442
311 0.008 0.187 4 713 867 332 606
312 0.101 -0.064 4 864 515 455 655
313 0.093 -0.016 3 796 247 569
314 0.144 -0.139 3 645 90 137
315 0.085 -0.04 4 27 925 22 127
316 0.12 0.043 2 525 570
317 0.125 -0.088 3 629 114 884
318 -0.083 0.157 3 716 70 461
319 -0.093 0.307 3 916 665 115
320 -0.011 0.136 3 285 576 171
321 0.029 -0.024 3 9 33 647
322 0.056 -0.067 4 366 111 304 514
323 -0.011 0.021 4 218 764 747 549
324 0.053 0.109 4 210 236 788 719
325 0.117 -0.128 3 809 408 535
326 -0.083 0.216 3 411 467 871
327 0.099 0.075 4 721 509 160 198
328 -0.115 0.2 4 476 876 353 872
329 0.139 -0.016 3 194 926 457
330 0.133 -0.011 4 457 770 663 724
331 -0.013 0.16 2 370 474
332 0.005 0.187 3 713 311 606
333 0.104 0.069 4 728 379 108 509
334 -0.104 0.237 4 371 426 837 630
335 0.101 -0.027 4 881 410 18 731
336 -0.155 0.28 4 849 441 732 545
337 0.149 -0.059 2 424 184
338 0.155 -0.147 4 25 47 437 819
339 -0.032 0.205 4 888 390 638 734
340 -0.027 0.2 3 888 346 92
341 0.051 -0.011 3 736 628 308
342 0.131 -0.149 2 56 116
343 0.08 0.005 3 196 528 678
344 0.029 0.032 3 134 860 138
345 0.117 -0.123 3 535 717 38
346 -0.027 0.203 3 340 888 390
347 -0.053 0.216 4 790 685 743 463
348 -0.048 0.099 4 21 595 880 448
349 -0.013 0.027 3 747 549 150
350 -0.144 0.235 4 787 388 503 748
351 0.139 -0.168 3 95 640 807
352 0.016 -0.021 2 185 123
353 -0.117 0.203 3 328 872 681
354 -0.0 0.197 4 899 561 581 99
355 0.085 -0.104 4 86 57 20 597
356 0.061 0.093 3 464 204 902
357 -0.016 0.149 3 901 755 875
358 -0.109 0.245 3 756 543 368
359 -0.117 0.304 4 650 907 577 179
360 0.141 -0.043 2 512 850
361 -0.069 0.131 3 537 795 761
362 0.067 -0.008 2 613 759
363 0.107 -0.072 3 621 898 495
364 0.117 -0.045 4 693 290 784 208
365 -0.003 0.003 3 110 797 910
366 0.056 -0.069 3 863 111 322
367 -0.165 0.272 4 667 261 917 230
368 -0.112 0.248 4 543 358 471 83
369 0.048 -0.053 4 912 19 478 258
370 -0.016 0.163 2 331 879
371 -0.104 0.235 2 426 334
372 0.011 -0.019 3 254 123 769
373 -0.045 0.184 3 660 620 913
374 -0.04 0.173 3 406 452 914
375 0.013 0.176 4 904 81 299 915
376 0.144 -0.091 4 481 580 297 187
377 0.021 0.163 4 631 438 219 774
378 0.107 0.029 1 892
379 0.107 0.067 3 783 728 333
380 0.125 -0.141 4 449 191 520 919
381 0.056 0.104 4 453 30 210 236
382 -0.029 0.072 4 782 705 1 392
383 0.107 0.061 2 494 783
384 0.003 -0.003 4 508 148 110 824
385 -0.12 0.208 4 681 133 609 644
386 0.067 -0.083 4 444 854 152 550
387 -0.059 0.192 1 423
388 -0.141 0.235 4 787 619 350 748
389 -0.133 0.269 3 896 493 235
390 -0.029 0.205 4 888 346 339 734
391 -0.176 0.264 3 429 789 246
392 -0.032 0.075 4 1 382 61 712
393 -0.072 0.139 4 791 212 586 142
394 0.096 0.037 4 85 23 827 845
395 -0.12 0.235 3 792 7 402
396 0.035 -0.035 3 205 886 869
397 -0.109 0.307 2 720 399
398 0.12 0.011 3 669 163 3
399 -0.107 0.309 2 397 662
400 0.091 0.045 2 140 555
401 0.096 -0.021 3 18 552 796
402 -0.123 0.237 4 7 395 107 798
403 0.035 0.027 4 518 832 134 666
404 -0.157 0.245 3 801 405 900
405 -0.155 0.243 4 762 801 80 404
406 -0.04 0.171 3 60 452 374
407 -0.171 0.248 3 136 301 687
408 0.12 -0.128 3 809 325 535
409 0.043 0.069 4 859 641 766 238
410 0.104 -0.029 4 425 839 881 335
411 -0.08 0.213 2 17 326
412 0.08 -0.032 3 605 225 26
413 0.053 -0.061 4 304 514 154 700
414 0.133 -0.104 4 554 522 214 485
415 -0.035 0.16 3 773 226 306
416 0.08 -0.027 3 26 492 97
417 -0.043 0.093 3 679 55 595
418 0.133 -0.12 3 422 683 828
419 0.088 -0.045 3 564 29 27
420 0.117 0.016 3 3 536 594
421 -0.133 0.293 4 130 680 818 121
422 0.136 -0.123 4 752 135 418 683
423 -0.056 0.192 2 387 821
424 0.147 -0.056 2 337 291
425 0.104 -0.032 4 749 839 881 410
426 -0.107 0.237 4 371 334 502 837
427 -0.019 0.221 4 578 39 216 35
428 0.091 -0.011 3 569 170 723
429 -0.179 0.264 4 255 11 391 789
430 -0.003 0.136 3 557 750 248
431 -0.109 0.192 3 588 49 692
432 -0.051 0.221 4 743 463 652 211
433 -0.088 0.16 3 70 461 908
434 0.112 -0.04 4 42 784 540 143
435 0.043 -0.048 3 478 75 182
436 0.123 -0.048 4 44 584 693 290
437 0.152 -0.144 4 338 861 819 510
438 0.024 0.16 4 846 442 631 377
439 0.048 0.075 3 238 785 862
440 -0.088 0.229 2 848 158
441 -0.157 0.28 4 456 849 336 732
442 0.027 0.157 3 310 846 438
443 -0.099 0.181 3 851 635 825
444 0.067 -0.085 4 447 854 152 386
445 -0.064 0.197 3 686 279 188
446 -0.005 0.141 5 171 750 248 553 153
447 0.069 -0.088 4 53 822 444 854
448 -0.048 0.101 3 348 880 479
449 0.128 -0.144 3 56 380 191
450 0.04 0.021 3 155 518 93
451 0.032 0.147 4 706 573 733 820
452 -0.037 0.171 3 60 406 374
453 0.056 0.101 3 565 30 381
454 0.035 0.139 3 523 918 36
455 0.099 -0.061 4 312 655 527 65
456 -0.16 0.277 4 230 66 849 441
457 0.136 -0.013 4 926 329 330 770
458 0.085 0.003 3 560 196 528
459 -0.12 0.261 4 865 172 623 714
460 -0.019 0.056 3 708 740 195
461 -0.085 0.16 4 70 318 433 908
462 -0.147 0.288 3 607 866 274
463 -0.051 0.219 4 347 743 432 652
464 0.064 0.091 3 101 356 204
465 -0.075 0.197 3 885 483 206
466 -0.091 0.165 4 908 504 677 868
467 -0.085 0.219 3 326 871 209
468 -0.024 0.149 2 829 901
469 0.147 -0.168 3 807 79 616
470 -0.099 0.259 2 257 45
471 -0.115 0.248 3 543 368 83
472 -0.04 0.208 3 43 873 815
473 0.109 -0.077 4 874 626 213 621
474 -0.013 0.155 3 755 875 331
475 -0.096 0.251 2 45 911
476 -0.112 0.197 4 692 288 328 876
477 -0.061 0.117 3 303 489 658
478 0.045 -0.051 4 369 258 435 75
479 -0.051 0.104 4 880 448 672 120
480 -0.045 0.203 4 625 882 506 43
481 0.141 -0.093 4 738 102 580 376
482 0.067 0.003 4 843 106 671 186
483 -0.072 0.197 4 885 465 831 206
484 -0.024 0.176 3 840 286 73
485 0.136 -0.101 4 414 214 267 231
486 0.021 0.056 4 737 688 887 744
487 -0.016 0.048 3 150 165 890
488 0.128 -0.0 4 145 161 507 856
489 -0.059 0.117 4 303 15 477 658
490 0.027 0.04 3 689 309 894
491 0.043 0.128 4 618 162 156 237
492 0.077 -0.027 3 26 416 97
493 -0.136 0.269 2 896 389
494 0.109 0.059 2 897 383
495 0.104 -0.069 4 898 363 864 515
496 -0.141 0.264 5 242 10 239 694 676
497 -0.024 0.181 3 73 201 742
498 -0.019 0.173 3 531 840 286
499 -0.184 0.261 3 805 255 11
500 0.056 0.059 2 583 817
501 0.067 0.08 3 596 159 2
502 -0.109 0.24 3 426 837 756
503 -0.147 0.237 4 350 245 748 649
504 -0.088 0.165 3 908 466 868
505 0.141 -0.131 4 78 534 568 32
506 -0.043 0.203 4 882 480 43 873
507 0.125 0.003 4 488 856 173 559
508 0.005 -0.005 4 223 768 384 148
509 0.101 0.072 4 108 333 721 327
510 0.149 -0.141 4 861 437 645 90
511 0.029 0.152 3 820 745 310
512 0.144 -0.045 2 360 656
513 0.019 0.171 3 855 284 81
514 0.056 -0.064 3 322 304 413
515 0.104 -0.067 3 495 864 312
516 -0.099 0.293 2 14 293
517 -0.04 0.179 3 914 251 660
518 0.037 0.024 4 450 93 403 832
519 0.152 -0.163 3 616 77 215
520 0.123 -0.139 3 380 919 547
521 -0.008 0.208 4 816 265 776 118
522 0.131 -0.104 3 554 414 214
523 0.037 0.136 4 76 701 454 918
524 0.115 0.029 3 266 305 703
525 0.117 0.045 3 316 636 920
526 -0.104 0.187 4 921 825 588 122
527 0.096 -0.059 3 455 65 722
528 0.083 0.005 3 196 458 343
529 -0.029 0.155 4 829 276 773 841
530 -0.024 0.061 4 195 891 268 131
531 -0.019 0.171 4 0 533 840 498
532 -0.12 0.229 3 835 282 792
533 -0.016 0.168 3 879 0 531
534 0.144 -0.133 3 137 78 505
535 0.117 -0.125 4 325 408 717 345
536 0.12 0.016 3 3 420 594
537 -0.067 0.128 4 4 725 361 795
538 -0.075 0.144 3 142 794 104
539 -0.179 0.251 4 243 548 648 877
540 0.109 -0.04 4 42 434 691 143
541 -0.005 0.016 4 806 598 218 8
542 -0.165 0.248 3 146 858 301
543 -0.112 0.245 4 756 358 471 368
544 -0.139 0.259 4 608 199 242 10
545 -0.152 0.283 4 336 732 802 607
546 0.107 -0.112 3 6 46 710
547 0.123 -0.136 4 520 919 259 112
548 -0.181 0.251 2 539 877
549 -0.011 0.024 4 323 764 747 349
550 0.064 -0.08 4 152 386 264 300
551 -0.08 0.208 3 98 646 17
552 0.099 -0.021 4 18 731 401 796
553 -0.008 0.141 4 171 750 446 153
554 0.131 -0.107 3 522 414 813
555 0.088 0.048 3 400 844 668
556 0.035 0.064 3 604 157 241
557 -0.0 0.136 4 696 430 294 248
558 0.045 0.123 4 24 682 618 162
559 0.125 0.005 4 507 856 173 669
560 0.085 -0.0 4 735 34 196 458
561 0.003 0.195 4 62 67 899 354
562 -0.059 0.211 4 775 166 28 790
563 -0.141 0.291 3 274 893 105
564 0.091 -0.048 4 168 132 419 29
565 0.059 0.099 4 902 642 453 30
566 -0.125 0.216 4 853 71 119 129
567 -0.037 0.083 4 169 600 739 31
568 0.139 -0.131 3 78 505 32
569 0.093 -0.013 4 313 247 428 170
570 0.12 0.035 2 703 316
571 0.032 -0.029 4 869 298 9 33
572 0.072 -0.016 4 139 883 16 758
573 0.035 0.144 3 36 706 451
574 -0.125 0.296 3 96 176 579
575 -0.093 0.299 3 14 37 177
576 -0.011 0.133 2 285 320
577 -0.115 0.304 4 907 359 179 720
578 -0.016 0.219 4 180 87 427 39
579 -0.123 0.299 4 574 176 40 650
580 0.144 -0.093 3 102 481 376
581 -0.003 0.2 4 354 99 778 292
582 0.043 -0.043 3 182 757 270
583 0.053 0.056 3 167 817 500
584 0.125 -0.051 3 88 44 436
585 -0.045 0.227 3 211 113 838
586 -0.075 0.139 3 791 393 142
587 -0.024 0.227 3 760 216 103
588 -0.107 0.189 4 526 122 431 49
589 0.123 -0.112 1 847
590 -0.099 0.176 3 922 702 851
591 0.115 -0.085 4 51 227 767 222
592 -0.064 0.203 3 188 54 228
593 0.08 -0.099 4 190 597 50 249
594 0.117 0.019 3 420 536 779
595 -0.045 0.096 4 55 417 21 348
596 0.064 0.077 4 612 82 159 501
597 0.083 -0.101 4 57 355 190 593
598 -0.003 0.016 3 806 541 8
599 -0.037 0.165 3 306 857 60
600 -0.035 0.08 4 61 712 169 567
601 0.128 -0.059 3 715 808 627
602 -0.131 0.251 4 63 684 203 611
603 -0.027 0.189 2 742 92
604 0.032 0.064 3 64 556 157
605 0.083 -0.035 4 22 127 412 225
606 0.005 0.189 4 332 311 62 67
607 -0.149 0.285 4 545 802 866 462
608 -0.136 0.256 4 69 611 544 199
609 -0.123 0.211 4 385 644 853 71
610 -0.117 0.253 3 83 622 72
611 -0.133 0.253 4 203 602 69 608
612 0.067 0.075 3 780 842 596
613 0.069 -0.011 3 16 758 362
614 -0.125 0.272 4 74 906 923 675
615 -0.075 0.203 3 206 202 98
616 0.149 -0.165 4 469 79 77 519
617 -0.085 0.224 3 209 800 848
618 0.043 0.125 3 558 162 491
619 -0.139 0.232 4 870 833 787 388
620 -0.043 0.184 3 660 373 913
621 0.107 -0.075 4 213 473 898 363
622 -0.115 0.253 3 83 610 72
623 -0.123 0.264 3 459 714 84
624 0.059 -0.075 3 264 637 863
625 -0.048 0.2 3 221 882 480
626 0.112 -0.08 3 222 874 473
627 0.128 -0.056 3 601 808 88
628 0.053 -0.011 4 736 341 308 690
629 0.123 -0.088 3 317 114 227
630 -0.101 0.24 1 334
631 0.021 0.16 3 846 438 377
632 0.109 0.053 3 181 695 897
633 0.128 -0.083 4 114 884 657 144
634 0.099 0.032 3 263 85 23
635 -0.101 0.181 4 851 443 921 825
636 0.115 0.048 4 525 920 181 670
637 0.061 -0.075 4 264 300 624 863
638 -0.035 0.208 3 339 815 734
639 0.048 -0.016 1 736
640 0.136 -0.165 4 95 351 786 200
641 0.045 0.069 3 409 766 238
642 0.061 0.099 3 902 565 30
643 0.077 -0.021 3 97 772 883
644 -0.12 0.211 4 385 133 609 71
645 0.147 -0.141 4 861 510 314 90
646 -0.077 0.208 3 98 551 17
647 0.027 -0.024 3 9 321 185
648 -0.176 0.251 4 243 136 539 687
649 -0.149 0.24 4 245 503 762 80
650 -0.12 0.301 4 579 40 907 359
651 0.048 0.056 3 852 124 167
652 -0.048 0.221 4 463 432 211 113
653 -0.107 0.296 1 909
654 -0.125 0.243 4 107 798 746 197
655 0.101 -0.061 3 312 455 65
656 0.144 -0.051 2 291 512
657 0.131 -0.083 3 884 633 144
658 -0.061 0.12 4 477 489 48 250
659 0.088 0.091 3 232 711 101
660 -0.043 0.181 4 251 517 373 620
661 -0.08 0.152 3 252 175 716
662 -0.099 0.309 3 665 115 399
663 0.131 -0.008 3 330 724 256
664 -0.037 0.229 2 718 799
665 -0.096 0.307 4 916 319 662 115
666 0.035 0.029 4 403 832 134 860
667 -0.168 0.269 3 771 261 367
668 0.085 0.051 3 844 555 94
669 0.123 0.008 4 173 559 398 163
670 0.115 0.051 4 636 920 181 695
671 0.069 0.003 4 106 482 186 678
672 -0.053 0.104 3 880 479 120
673 0.093 0.085 4 262 777 232 924
674 -0.091 0.235 2 158 754
675 -0.128 0.275 5 235 923 614 91 126
676 -0.144 0.267 4 281 239 496 834
677 -0.093 0.168 3 466 868 273
678 0.072 0.005 3 671 186 343
679 -0.043 0.091 4 275 709 55 417
680 -0.136 0.293 3 105 130 421
681 -0.117 0.205 4 353 872 385 133
682 0.048 0.12 4 781 141 24 558
683 0.136 -0.12 3 422 418 828
684 -0.128 0.248 3 197 63 602
685 -0.056 0.216 4 28 790 347 743
686 -0.067 0.195 3 831 279 445
687 -0.173 0.251 4 243 136 407 648
688 0.019 0.056 4 793 737 486 887
689 0.029 0.037 2 138 490
690 0.056 -0.008 4 628 308 244 178
691 0.107 -0.037 3 540 143 749
692 -0.109 0.195 4 431 49 476 288
693 0.12 -0.048 4 44 436 364 290
694 -0.139 0.264 4 242 10 496 896
695 0.112 0.053 4 181 670 632 897
696 0.003 0.133 4 217 928 557 294
697 -0.171 0.259 1 13
698 -0.056 0.112 4 151 233 303 15
699 -0.008 0.147 1 153
700 0.051 -0.059 4 154 413 912 19
701 0.04 0.133 4 156 237 76 523
702 -0.096 0.176 4 922 826 590 851
703 0.117 0.032 3 524 305 570
704 0.024 0.051 2 830 737
705 -0.027 0.069 3 307 782 382
706 0.032 0.144 4 36 573 733 451
707 0.04 0.075 2 766 234
708 -0.019 0.053 4 165 890 740 460
709 -0.04 0.088 4 739 31 275 679
710 0.104 -0.112 3 6 546 128
711 0.091 0.091 3 232 924 659
712 -0.032 0.077 3 392 61 600
713 0.008 0.184 4 810 867 332 311
714 -0.12 0.264 3 459 623 84
715 0.131 -0.061 2 601 144
716 -0.083 0.155 4 175 661 70 318
717 0.115 -0.123 4 535 345 117 38
718 -0.04 0.227 2 838 664
719 0.053 0.112 3 324 788 100
720 -0.112 0.307 3 577 179 397
721 0.099 0.072 4 108 509 160 327
722 0.096 -0.056 4 527 65 52 183
723 0.091 -0.008 4 428 170 741 296
724 0.133 -0.008 4 330 770 663 256
725 -0.064 0.125 4 48 250 4 537
726 -0.048 0.192 2 224 221
727 0.147 -0.085 3 297 187 278
728 0.104 0.067 4 783 379 108 333
729 0.16 -0.152 2 25 751
730 0.008 -0.013 2 769 223
731 0.101 -0.024 3 335 18 552
732 -0.155 0.283 4 441 336 545 802
733 0.029 0.147 3 706 451 820
734 -0.032 0.208 3 339 390 638
735 0.085 -0.003 3 741 34 560
736 0.051 -0.013 3 639 341 628
737 0.021 0.053 3 704 688 486
738 0.139 -0.096 4 267 231 102 481
739 -0.04 0.085 4 567 31 275 709
740 -0.021 0.056 3 708 460 195
741 0.088 -0.005 4 723 296 735 34
742 -0.027 0.184 3 201 497 603
743 -0.053 0.219 4 685 347 463 432
744 0.024 0.059 3 486 887 125
745 0.027 0.152 3 820 511 310
746 -0.128 0.243 3 107 654 197
747 -0.013 0.024 3 323 549 349
748 -0.144 0.237 3 350 388 503
749 0.107 -0.035 4 691 143 425 839
750 -0.005 0.139 5 430 171 248 553 446
751 0.16 -0.157 3 89 905 729
752 0.136 -0.125 3 32 135 422
753 0.037 -0.04 3 757 270 205
754 -0.093 0.237 2 674 903
755 -0.016 0.152 4 901 357 875 474
756 -0.109 0.243 4 502 837 543 358
757 0.04 -0.043 4 182 582 753 270
758 0.072 -0.013 3 572 16 613
759 0.067 -0.003 3 843 106 362
760 -0.024 0.224 3 216 103 587
761 -0.069 0.133 4 361 795 791 212
762 -0.152 0.24 4 245 649 405 80
763 0.005 0.128 1 217
764 -0.008 0.021 4 218 8 323 549
765 0.075 0.069 3 283 147 836
766 0.043 0.072 6 859 409 641 238 707 785
767 0.112 -0.085 3 51 591 222
768 0.008 -0.005 3 223 508 148
769 0.011 -0.016 2 372 730
770 0.136 -0.011 3 457 330 724
771 -0.171 0.269 4 246 287 667 261
772 0.075 -0.021 4 97 643 139 883
773 -0.032 0.157 4 529 841 415 226
774 0.021 0.165 3 377 219 855
775 -0.061 0.208 3 228 166 562
776 -0.011 0.211 4 521 118 189 229
777 0.096 0.085 3 262 673 924
778 -0.005 0.203 3 581 292 816
779 0.115 0.021 2 594 266
780 0.069 0.072 4 41 836 612 842
781 0.048 0.117 4 100 141 24 682
782 -0.029 0.069 4 307 705 1 382
783 0.107 0.064 3 383 728 379
784 0.115 -0.043 4 364 42 208 434
785 0.045 0.075 3 766 238 439
786 0.133 -0.165 3 95 640 200
787 -0.141 0.232 4 870 619 350 388
788 0.051 0.112 3 324 719 100
789 -0.176 0.267 4 429 391 246 287
790 -0.056 0.213 4 562 28 685 347
791 -0.072 0.136 4 761 212 586 393
792 -0.12 0.232 4 532 282 7 395
793 0.016 0.053 1 688
794 -0.077 0.144 4 142 538 803 104
795 -0.067 0.131 3 537 361 761
796 0.096 -0.019 4 401 552 313 247
797 -0.0 0.003 4 110 824 365 910
798 -0.123 0.24 3 402 107 654
799 -0.032 0.229 2 207 664
800 -0.088 0.224 3 209 617 848
801 -0.157 0.243 3 405 900 404
802 -0.152 0.285 3 732 545 607
803 -0.08 0.147 3 794 104 252
804 0.096 -0.109 3 12 220 128
805 -0.181 0.259 3 499 255 877
806 -0.003 0.013 3 541 598 910
807 0.144 -0.168 3 469 79 351
808 0.125 -0.056 3 601 627 88
809 0.12 -0.131 4 259 112 325 408
810 0.011 0.181 4 299 915 713 867
811 -0.131 0.224 4 260 812 58 174
812 -0.128 0.221 4 119 129 260 811
813 0.131 -0.115 2 828 554
814 -0.101 0.285 2 293 257
815 -0.037 0.208 3 873 472 638
816 -0.005 0.205 4 778 292 521 265
817 0.053 0.059 3 167 583 500
818 -0.131 0.293 3 421 121 96
819 0.155 -0.144 3 338 47 437
820 0.029 0.149 4 733 451 745 511
821 -0.053 0.192 1 423
822 0.072 -0.091 4 269 164 53 447
823 -0.128 0.28 3 91 126 271
824 0.003 -0.0 4 384 148 110 797
825 -0.101 0.184 4 635 443 921 526
826 -0.093 0.173 3 273 922 702
827 0.093 0.037 3 85 394 845
828 0.133 -0.117 3 418 683 813
829 -0.027 0.152 3 468 529 276
830 0.024 0.048 3 192 277 704
831 -0.069 0.197 4 885 686 483 279
832 0.037 0.027 4 518 93 403 666
833 -0.136 0.229 4 280 174 870 619
834 -0.147 0.267 3 281 239 676
835 -0.117 0.227 5 927 295 109 532 282
836 0.072 0.069 4 283 41 765 780
837 -0.107 0.24 4 426 334 502 756
838 -0.043 0.227 3 113 585 718
839 0.107 -0.032 3 749 425 410
840 -0.021 0.173 4 531 498 484 286
841 -0.029 0.157 4 529 276 773 226
842 0.069 0.075 2 780 612
843 0.064 -0.0 3 759 106 482
844 0.085 0.048 2 555 668
845 0.093 0.04 3 827 394 140
846 0.024 0.157 4 310 442 631 438
847 0.12 -0.112 1 589
848 -0.088 0.227 3 800 617 440
849 -0.157 0.277 4 66 456 441 336
850 0.141 -0.024 2 240 360
851 -0.099 0.179 4 590 702 635 443
852 0.045 0.053 4 193 302 124 651
853 -0.125 0.213 3 609 71 566
854 0.069 -0.085 3 447 444 386
855 0.019 0.168 4 219 774 284 513
856 0.128 0.003 3 488 507 559
857 -0.035 0.165 3 306 599 60
858 -0.163 0.245 3 146 900 542
859 0.04 0.069 4 241 272 409 766
860 0.032 0.032 4 134 666 344 138
861 0.149 -0.144 3 437 645 510
862 0.051 0.075 3 439 889 149
863 0.059 -0.072 4 624 637 366 111
864 0.101 -0.067 3 495 515 312
865 -0.12 0.259 3 72 172 459
866 -0.147 0.285 3 607 462 274
867 0.011 0.184 3 810 713 311
868 -0.091 0.168 4 466 504 677 273
869 0.035 -0.032 4 396 886 571 298
870 -0.139 0.229 4 280 833 787 619
871 -0.083 0.219 3 326 467 209
872 -0.115 0.203 4 328 876 353 681
873 -0.04 0.205 4 506 43 472 815
874 0.109 -0.08 4 222 626 213 473
875 -0.013 0.152 3 357 755 474
876 -0.112 0.2 4 476 288 328 872
877 -0.181 0.253 3 548 539 805
878 0.112 -0.115 2 289 46
879 -0.016 0.165 3 370 0 533
880 -0.051 0.101 4 348 448 672 479
881 0.101 -0.029 3 425 410 335
882 -0.045 0.2 4 221 625 480 506
883 0.075 -0.019 4 772 643 139 572
884 0.128 -0.085 4 317 114 633 657
885 -0.072 0.195 3 465 483 831
886 0.037 -0.035 3 205 396 869
887 0.021 0.059 3 688 486 744
888 -0.029 0.203 4 340 346 339 390
889 0.053 0.075 3 862 149 68
890 -0.016 0.051 3 487 165 708
891 -0.021 0.061 3 195 530 131
892 0.104 0.029 2 378 263
893 -0.141 0.288 3 274 563 105
894 0.027 0.043 3 490 309 277
895 0.091 -0.107 4 12 86 220 20
896 -0.136 0.267 3 694 493 389
897 0.109 0.056 3 632 695 494
898 0.104 -0.072 3 621 363 495
899 -0.0 0.195 3 62 561 354
900 -0.16 0.245 3 801 858 404
901 -0.019 0.149 3 357 755 468
902 0.061 0.096 4 356 204 565 642
903 -0.093 0.243 2 911 754
904 0.013 0.173 3 284 81 375
905 0.16 -0.16 3 253 89 751
906 -0.123 0.269 3 84 74 614
907 -0.117 0.301 3 650 359 577
908 -0.088 0.163 4 433 461 466 504
909 -0.107 0.293 1 653
910 -0.003 0.005 3 365 797 806
911 -0.096 0.245 2 903 475
912 0.048 -0.056 3 700 19 369
913 -0.045 0.187 3 373 620 224
914 -0.04 0.176 3 374 251 517
915 0.013 0.179 3 375 299 810
916 -0.096 0.304 3 177 665 319
917 -0.163 0.272 3 367 230 66
918 0.037 0.139 3 523 454 36
919 0.125 -0.139 4 380 191 520 547
920 0.117 0.048 3 525 636 670
921 -0.104 0.184 3 635 825 526
922 -0.096 0.173 4 273 826 590 702
923 -0.128 0.272 4 74 235 614 675
924 0.093 0.088 4 673 777 232 711
925 0.088 -0.04 3 27 315 127
926 0.136 -0.016 3 194 329 457
927 -0.117 0.224 3 295 835 109
928 0.005 0.133 3 217 696 294
